#Amac00698
LIG_001	LIG_002	LIG_003	LIG_004	LIG_005	LIG_006	LIG_007	LIG_008	LIG_009	LIG_010	LIG_011	LIG_012	LIG_013	LIG_014	LIG_015	LIG_016	LIG_017	LIG_018	LIG_019	LIG_020	LIG_021	LIG_022	LIG_023	LIG_024	LIG_025	LIG_026	LIG_027	LIG_028	LIG_029	LIG_030	LIG_031	LIG_032	LIG_033	LIG_034	LIG_035	LIG_036	LIG_037	LIG_038	LIG_039	LIG_040	LIG_041	LIG_042	LIG_043	LIG_044	LIG_045	LIG_046	LIG_047	LIG_048	LIG_049	LIG_050	LIG_051	LIG_052	LIG_053	LIG_054	LIG_055	LIG_056	LIG_057	LIG_058	LIG_059	LIG_060	LIG_061	LIG_062	LIG_063	LIG_064	LIG_065	LIG_066	LIG_067	LIG_068	LIG_069	LIG_070	LIG_071	LIG_072	LIG_073	LIG_074	LIG_075	LIG_076	LIG_077	LIG_078	LIG_079	LIG_080	LIG_081	LIG_082	LIG_083	LIG_084	LIG_085	LIG_086	LIG_087
-6.29	-7.70	-6.90	-6.62	-6.45	-5.45	-7.35	-7.21	-6.79	-6.76	-6.60	-6.26	-6.55	-6.14	-5.64	-7.45	-7.14	-6.52	-6.30	-7.19	-7.90	-6.86	-6.98	-6.96	-7.80	-6.87	-6.51	-8.12	-6.91	-5.46	-5.35	-5.97	-7.66	-7.73	-7.04	-6.90	-7.78	-5.72	-6.82	-6.32	-6.97	-5.98	-6.10	-8.32	-6.89	-7.98	-6.65	-5.75	-6.00	-8.53	-6.51	-6.28	-7.56	-7.31	-8.11	-5.70	-8.31	-7.30	-8.04	-8.13	-4.85	-7.52	-9.48	-6.05	-7.89	-7.41	-8.03	-8.85	-7.08	-7.71	-7.44	-6.83	-7.01	-6.27	-7.08	-8.41	-7.00	-6.21	-5.89	-6.59	-7.69	-7.50	-8.29	-6.91	-6.99	-6.98	-6.55	
-6.05	-7.25	-6.52	-6.60	-6.44	-5.45	-7.26	-7.05	-5.96	-6.68	-6.49	-5.92	-6.37	-5.87	-5.62	-7.34	-7.05	-5.69	-5.50	-6.85	-7.74	-6.49	-6.41	-6.89	-7.64	-6.73	-6.34	-8.04	-6.43	-5.45	-5.35	-5.94	-7.48	-6.83	-7.04	-6.73	-5.76	-5.61	-5.97	-5.92	-6.94	-5.96	-5.90	-6.82	-6.81	-7.81	-6.57	-5.74	-5.97	-7.13	-6.39	-6.08	-7.38	-7.18	-7.73	-5.68	-8.29	-7.28	-7.98	-7.73	-4.80	-7.26	-7.16	-6.03	-7.41	-7.20	-7.66	-8.85	-7.06	-7.17	-6.84	-6.25	-6.93	-6.14	-7.08	-8.15	-6.86	-6.19	-5.81	-6.54	-7.52	-7.49	-8.23	-6.51	-6.47	-6.98	-6.19	
-5.87	-7.22	-6.33	-6.60	-6.43	-5.42	-7.19	-6.43	-5.91	-6.63	-6.04	-5.91	-5.47	-5.86	-5.61	-7.24	-6.98	-5.49	-5.39	-6.60	-7.63	-6.46	-5.90	-6.64	-7.63	-6.63	-6.33	-6.98	-6.40	-5.42	-5.30	-5.94	-7.46	-6.80	-6.84	-6.57	-5.72	-5.51	-5.97	-5.86	-6.64	-5.83	-5.76	-6.78	-6.04	-7.43	-6.30	-5.67	-5.93	-7.00	-6.38	-6.05	-7.17	-7.13	-7.60	-5.62	-8.12	-6.95	-7.88	-6.72	-4.74	-7.15	-6.90	-5.92	-6.69	-7.01	-7.25	-8.79	-7.06	-6.01	-6.65	-6.03	-6.92	-6.05	-7.07	-6.37	-5.75	-6.18	-5.81	-6.53	-6.67	-7.24	-7.84	-6.48	-6.34	-6.87	-5.99	
-5.69	-7.06	-6.07	-6.54	-6.43	-5.39	-7.02	-6.03	-5.87	-6.51	-5.98	-5.68	-5.32	-5.85	-5.58	-7.23	-6.91	-5.49	-5.35	-5.69	-7.53	-6.31	-5.64	-6.45	-7.60	-6.15	-6.31	-6.92	-5.87	-5.36	-5.29	-5.90	-7.34	-6.56	-6.48	-6.56	-5.60	-5.41	-5.93	-5.78	-6.51	-5.72	-5.54	-6.78	-5.89	-6.74	-6.23	-5.56	-5.88	-6.94	-6.37	-6.00	-7.13	-7.09	-7.50	-5.58	-7.94	-6.74	-7.86	-6.70	-4.47	-7.11	-6.86	-5.92	-6.14	-6.55	-7.14	-8.74	-7.04	-6.00	-6.27	-6.01	-6.90	-5.90	-7.01	-6.10	-5.75	-6.07	-5.80	-6.49	-6.61	-7.21	-7.54	-6.16	-6.09	-6.38	-5.94	
-5.59	-6.47	-6.04	-6.53	-6.41	-5.39	-6.90	-5.89	-5.84	-6.09	-5.73	-5.67	-5.32	-5.85	-5.55	-7.20	-6.88	-5.35	-5.21	-5.68	-7.47	-6.17	-5.53	-5.40	-7.48	-6.08	-5.84	-6.88	-5.83	-5.35	-5.28	-5.90	-7.24	-6.36	-6.31	-6.31	-5.58	-5.39	-5.90	-5.76	-6.48	-5.68	-5.41	-6.76	-5.89	-6.73	-6.12	-5.55	-5.88	-6.86	-6.36	-5.98	-7.12	-6.92	-7.39	-5.56	-7.89	-6.58	-7.84	-6.62	-4.44	-7.07	-6.80	-5.90	-6.06	-6.38	-7.11	-8.56	-7.03	-5.99	-6.01	-5.99	-6.89	-5.90	-7.00	-6.03	-5.73	-6.00	-5.79	-6.47	-6.60	-6.93	-7.46	-6.13	-5.95	-6.01	-5.62	
-5.56	-6.12	-6.01	-6.52	-6.40	-5.37	-6.83	-5.86	-5.78	-5.86	-5.44	-5.65	-5.31	-5.83	-5.53	-7.14	-6.87	-5.08	-5.21	-5.67	-7.31	-6.09	-5.38	-5.39	-7.32	-5.81	-5.68	-6.87	-5.80	-5.34	-5.23	-5.90	-7.15	-6.16	-6.29	-6.26	-5.49	-5.37	-5.81	-5.73	-6.46	-5.58	-5.39	-6.75	-5.88	-6.61	-6.11	-5.54	-5.85	-6.85	-6.32	-5.94	-7.08	-6.92	-7.30	-5.50	-7.87	-6.56	-7.77	-6.48	-4.41	-7.06	-6.79	-5.89	-6.04	-6.32	-7.05	-7.99	-7.03	-5.99	-5.97	-5.91	-6.88	-5.88	-6.97	-6.03	-5.73	-5.98	-5.79	-6.47	-6.60	-6.86	-6.48	-6.06	-5.84	-5.93	-5.45	
-5.56	-6.11	-5.93	-6.48	-6.36	-5.31	-6.73	-5.85	-5.75	-5.60	-5.40	-5.64	-5.29	-5.81	-5.49	-7.01	-6.87	-5.06	-5.18	-5.66	-7.28	-5.92	-5.35	-5.38	-7.31	-5.49	-5.64	-6.83	-5.64	-5.32	-5.22	-5.90	-7.14	-6.16	-6.28	-6.26	-5.44	-5.37	-5.73	-5.70	-6.41	-5.53	-5.36	-6.75	-5.87	-6.59	-6.03	-5.51	-5.82	-6.82	-6.28	-5.93	-7.07	-6.89	-7.24	-5.50	-7.71	-6.53	-7.75	-6.47	-4.39	-7.05	-6.78	-5.86	-6.02	-6.27	-7.05	-7.82	-7.02	-5.99	-5.70	-5.91	-6.81	-5.85	-6.90	-6.01	-5.69	-5.98	-5.78	-6.45	-6.58	-6.59	-6.21	-5.90	-5.84	-5.80	-5.30	
-5.45	-5.97	-5.89	-6.47	-6.34	-5.22	-6.08	-5.85	-5.70	-5.60	-5.21	-5.64	-5.09	-5.78	-5.49	-6.96	-6.86	-5.04	-5.17	-5.61	-7.28	-5.77	-5.33	-5.31	-7.31	-5.48	-5.37	-6.80	-5.64	-5.32	-5.15	-5.90	-6.99	-6.02	-6.16	-6.15	-5.42	-5.08	-5.66	-5.61	-6.36	-5.48	-5.33	-6.70	-5.81	-6.51	-5.98	-5.51	-5.82	-6.81	-6.25	-5.91	-7.07	-6.88	-7.19	-5.50	-7.69	-6.49	-7.73	-6.38	-4.38	-6.88	-6.59	-5.84	-5.94	-6.25	-6.28	-7.53	-7.02	-5.99	-5.54	-5.88	-6.75	-5.85	-6.89	-5.95	-5.67	-5.81	-5.70	-6.45	-6.57	-6.54	-6.20	-5.83	-5.84	-5.72	-5.25	
-5.40	-5.96	-5.80	-6.47	-6.33	-5.20	-5.67	-5.85	-5.69	-5.60	-5.21	-5.62	-5.08	-5.78	-5.48	-6.95	-6.65	-5.02	-5.08	-5.55	-7.13	-5.52	-5.33	-5.27	-6.94	-5.48	-5.29	-6.79	-5.60	-5.31	-5.14	-5.89	-6.88	-5.89	-6.12	-6.10	-5.42	-5.08	-5.65	-5.58	-6.32	-5.42	-5.22	-6.69	-5.80	-6.51	-5.97	-5.44	-5.82	-6.79	-6.24	-5.87	-7.06	-6.76	-6.47	-5.49	-7.59	-6.48	-7.70	-6.35	-4.26	-6.79	-6.59	-5.81	-5.94	-6.23	-6.00	-6.83	-7.01	-5.98	-5.51	-5.86	-6.69	-5.57	-6.89	-5.94	-5.65	-5.68	-5.64	-6.42	-6.52	-6.42	-6.11	-5.81	-5.83	-5.14	-5.09	
-5.38	-5.93	-5.75	-6.46	-6.31	-5.18	-5.64	-5.83	-5.68	-5.59	-5.21	-5.61	-5.07	-5.78	-5.48	-6.78	-6.59	-5.00	-5.07	-5.54	-7.08	-5.51	-5.33	-5.27	-6.88	-5.46	-5.29	-6.78	-5.57	-5.31	-5.13	-5.89	-6.76	-5.73	-6.10	-6.10	-5.40	-4.98	-5.61	-5.57	-6.31	-5.39	-5.19	-6.68	-5.76	-6.50	-5.90	-5.43	-5.79	-6.77	-6.23	-5.86	-7.06	-6.51	-6.44	-5.49	-7.53	-6.44	-7.66	-6.25	-4.23	-6.79	-6.45	-5.79	-5.91	-6.21	-5.99	-6.58	-7.01	-5.96	-5.47	-5.86	-6.63	-5.45	-6.86	-5.92	-5.64	-5.52	-5.64	-6.40	-6.51	-6.33	-6.09	-5.76	-5.82	-5.13	-5.07	
-5.38	-5.93	-5.67	-6.43	-6.27	-5.17	-5.56	-5.83	-5.62	-5.52	-5.15	-5.59	-5.07	-5.76	-5.43	-6.68	-6.56	-4.99	-5.01	-5.51	-6.90	-5.51	-5.32	-5.26	-6.85	-5.44	-5.29	-6.78	-5.57	-5.31	-5.13	-5.88	-6.74	-5.64	-6.09	-6.09	-5.39	-4.97	-5.53	-5.55	-6.27	-5.38	-5.14	-6.65	-5.75	-6.49	-5.80	-5.43	-5.78	-6.75	-6.23	-5.84	-7.05	-6.46	-6.35	-5.49	-7.50	-6.23	-7.65	-6.25	-4.23	-6.78	-6.39	-5.78	-5.89	-6.20	-5.97	-6.51	-7.01	-5.96	-5.47	-5.84	-6.61	-5.33	-6.82	-5.86	-5.61	-5.34	-5.63	-6.38	-6.49	-6.32	-6.00	-5.75	-5.81	-5.11	-5.00	
-5.33	-5.90	-5.67	-6.36	-6.27	-5.16	-5.51	-5.81	-5.59	-5.47	-5.10	-5.56	-5.06	-5.75	-5.42	-6.66	-6.43	-4.94	-5.01	-5.49	-6.88	-5.50	-5.29	-5.26	-6.17	-5.44	-5.28	-6.73	-5.56	-5.29	-5.07	-5.88	-6.66	-5.64	-6.04	-6.07	-5.37	-4.95	-5.47	-5.54	-6.25	-5.33	-5.10	-6.63	-5.74	-6.49	-5.78	-5.39	-5.77	-6.74	-6.22	-5.80	-7.03	-6.41	-6.34	-5.49	-7.48	-6.21	-7.62	-6.21	-4.20	-6.78	-6.31	-5.78	-5.87	-6.19	-5.97	-6.49	-7.01	-5.95	-5.43	-5.84	-6.57	-5.27	-6.82	-5.82	-5.57	-5.22	-5.60	-6.34	-6.49	-6.28	-5.99	-5.71	-5.79	-5.10	-4.99	
-5.32	-5.89	-5.66	-6.33	-6.26	-5.15	-5.44	-5.80	-5.58	-5.47	-5.10	-5.56	-5.05	-5.75	-5.41	-6.44	-6.41	-4.86	-5.01	-5.49	-6.76	-5.50	-5.28	-5.25	-5.97	-5.42	-5.28	-6.72	-5.41	-5.29	-5.00	-5.87	-6.60	-5.49	-6.03	-6.06	-5.36	-4.92	-5.31	-5.52	-6.20	-5.31	-5.10	-6.61	-5.73	-6.46	-5.71	-5.38	-5.75	-6.72	-6.20	-5.79	-7.02	-6.38	-6.34	-5.48	-7.45	-6.14	-7.60	-6.15	-4.19	-6.77	-6.29	-5.78	-5.85	-6.16	-5.92	-6.48	-7.00	-5.95	-5.42	-5.83	-6.55	-5.26	-6.81	-5.73	-5.56	-5.20	-5.56	-6.19	-6.48	-6.19	-5.97	-5.69	-5.77	-5.09	-4.99	
-5.31	-5.89	-5.56	-6.30	-6.26	-5.13	-5.31	-5.79	-5.50	-5.47	-5.09	-5.54	-5.02	-5.71	-5.39	-6.41	-5.88	-4.84	-4.99	-5.48	-6.49	-5.49	-5.27	-5.24	-5.91	-5.41	-5.27	-6.63	-5.35	-5.29	-4.98	-5.87	-5.83	-5.28	-6.02	-5.99	-5.36	-4.89	-5.28	-5.51	-6.14	-5.30	-5.09	-6.60	-5.70	-6.42	-5.70	-5.36	-5.74	-6.71	-6.19	-5.74	-6.96	-6.18	-6.29	-5.47	-7.31	-6.10	-7.55	-6.15	-4.18	-6.74	-6.27	-5.77	-5.84	-6.16	-5.90	-6.48	-7.00	-5.88	-5.39	-5.82	-6.55	-5.25	-6.77	-5.71	-5.56	-5.02	-5.37	-6.12	-6.45	-6.04	-5.94	-5.67	-5.77	-5.09	-4.99	
-5.29	-5.87	-5.50	-6.29	-6.23	-5.12	-5.30	-5.78	-5.48	-5.47	-5.02	-5.53	-5.02	-5.71	-5.36	-6.37	-5.82	-4.82	-4.98	-5.47	-6.33	-5.49	-5.26	-5.24	-5.88	-5.41	-5.27	-6.62	-5.31	-5.25	-4.94	-5.86	-5.82	-5.28	-5.96	-5.98	-5.33	-4.80	-5.28	-5.50	-6.08	-5.28	-5.07	-6.60	-5.69	-6.41	-5.67	-5.14	-5.70	-6.69	-6.19	-5.73	-6.95	-6.15	-6.27	-5.47	-7.29	-6.08	-7.52	-6.13	-4.14	-6.72	-6.27	-5.76	-5.83	-6.14	-5.89	-6.48	-7.00	-5.87	-5.37	-5.81	-6.54	-5.24	-6.65	-5.64	-5.54	-5.01	-5.34	-6.12	-6.39	-6.04	-5.90	-5.67	-5.72	-5.09	-4.99	
-5.29	-5.86	-5.48	-6.26	-6.22	-5.12	-5.30	-5.76	-5.43	-5.45	-4.99	-5.51	-5.02	-5.69	-5.36	-6.28	-5.79	-4.76	-4.98	-5.45	-6.33	-5.48	-5.24	-5.23	-5.86	-5.40	-5.27	-6.57	-5.30	-5.16	-4.93	-5.86	-5.80	-5.25	-5.92	-5.94	-5.32	-4.78	-5.26	-5.39	-6.01	-5.26	-5.06	-6.60	-5.68	-6.39	-5.66	-5.12	-5.69	-6.67	-6.17	-5.68	-6.90	-6.02	-6.27	-5.47	-7.27	-6.04	-7.49	-6.11	-4.13	-6.70	-6.25	-5.75	-5.78	-6.12	-5.82	-6.47	-6.99	-5.83	-5.36	-5.80	-6.49	-5.23	-6.64	-5.61	-5.54	-5.01	-5.28	-6.11	-6.37	-5.92	-5.81	-5.63	-5.71	-5.08	-4.98	
-5.27	-5.86	-5.47	-6.25	-6.16	-5.11	-5.27	-5.75	-5.42	-5.44	-4.95	-5.51	-5.02	-5.69	-5.34	-6.06	-5.76	-4.75	-4.98	-5.44	-6.27	-5.48	-5.22	-5.22	-5.83	-5.40	-5.27	-6.55	-5.29	-5.02	-4.91	-5.85	-5.80	-5.24	-5.92	-5.93	-5.31	-4.74	-5.25	-5.37	-6.00	-5.19	-5.04	-6.58	-5.67	-6.37	-5.60	-5.09	-5.64	-6.67	-6.16	-5.59	-6.84	-5.91	-6.26	-5.46	-7.26	-6.00	-7.35	-6.08	-4.10	-6.68	-6.25	-5.74	-5.73	-6.04	-5.79	-6.47	-6.99	-5.78	-5.34	-5.79	-6.39	-5.20	-6.63	-5.60	-5.53	-5.01	-5.22	-6.11	-6.36	-5.76	-5.67	-5.59	-5.70	-5.06	-4.97	
-5.27	-5.85	-5.46	-6.22	-6.03	-5.10	-5.22	-5.74	-5.40	-5.44	-4.94	-5.49	-5.01	-5.68	-5.31	-5.96	-5.71	-4.75	-4.97	-5.43	-6.25	-5.48	-5.21	-5.20	-5.76	-5.40	-5.26	-6.49	-5.27	-4.98	-4.89	-5.83	-5.70	-5.21	-5.91	-5.90	-5.31	-4.73	-5.18	-5.28	-5.99	-5.14	-5.04	-6.57	-5.66	-6.30	-5.59	-5.07	-5.63	-6.66	-6.15	-5.57	-6.81	-5.84	-6.25	-5.46	-7.11	-5.94	-7.34	-6.05	-4.09	-6.67	-6.22	-5.74	-5.70	-6.04	-5.79	-6.47	-6.99	-5.78	-5.33	-5.79	-6.36	-5.20	-6.45	-5.59	-5.53	-5.01	-5.22	-6.11	-6.32	-5.69	-5.63	-5.59	-5.70	-5.05	-4.96	
-5.27	-5.82	-5.46	-6.20	-6.01	-5.10	-5.21	-5.72	-5.38	-5.42	-4.94	-5.48	-5.01	-5.65	-5.20	-5.90	-5.70	-4.75	-4.97	-5.41	-6.15	-5.48	-5.17	-5.18	-5.76	-5.40	-5.26	-6.42	-5.25	-4.91	-4.78	-5.82	-5.70	-5.19	-5.90	-5.82	-5.30	-4.69	-5.16	-5.21	-5.98	-5.14	-5.02	-6.54	-5.66	-6.27	-5.56	-5.07	-5.60	-6.65	-6.15	-5.56	-6.64	-5.79	-6.23	-5.46	-7.11	-5.90	-7.33	-6.04	-4.01	-6.64	-6.21	-5.73	-5.69	-6.00	-5.78	-6.46	-6.98	-5.77	-5.33	-5.77	-6.36	-5.19	-6.40	-5.51	-5.52	-5.01	-5.18	-6.09	-6.31	-5.66	-5.63	-5.59	-5.69	-5.04	-4.96	
-5.24	-5.82	-5.46	-6.18	-6.00	-5.09	-5.20	-5.71	-5.37	-5.41	-4.93	-5.47	-5.01	-5.62	-5.17	-5.63	-5.68	-4.74	-4.97	-5.38	-6.14	-5.48	-5.16	-5.17	-5.67	-5.39	-5.26	-6.40	-5.23	-4.87	-4.70	-5.79	-5.69	-5.17	-5.88	-5.82	-5.29	-4.69	-5.06	-5.06	-5.96	-5.13	-5.00	-6.51	-5.64	-6.19	-5.54	-5.04	-5.59	-6.62	-6.14	-5.56	-6.17	-5.78	-6.22	-5.45	-7.09	-5.84	-7.14	-6.03	-4.00	-6.63	-6.21	-5.72	-5.67	-5.96	-5.61	-6.43	-6.98	-5.77	-5.32	-5.77	-6.33	-5.19	-6.25	-5.45	-5.51	-5.01	-5.17	-6.09	-6.22	-5.65	-5.47	-5.57	-5.67	-5.03	-4.95	
-5.24	-5.81	-5.45	-6.18	-5.95	-5.08	-5.20	-5.70	-5.31	-5.40	-4.92	-5.44	-5.00	-5.62	-5.14	-5.53	-5.68	-4.72	-4.96	-5.38	-6.14	-5.48	-5.13	-5.16	-5.64	-5.38	-5.26	-6.25	-5.21	-4.86	-4.69	-5.78	-5.69	-5.16	-5.87	-5.80	-5.28	-4.68	-5.05	-5.02	-5.93	-5.07	-4.99	-6.47	-5.64	-6.18	-5.53	-5.01	-5.59	-6.60	-6.13	-5.53	-5.81	-5.67	-6.19	-5.45	-6.91	-5.72	-6.91	-6.01	-3.98	-6.58	-6.20	-5.71	-5.67	-5.94	-5.56	-6.42	-6.98	-5.77	-5.32	-5.74	-6.22	-5.19	-5.97	-5.44	-5.50	-5.00	-5.08	-6.05	-6.20	-5.63	-5.46	-5.57	-5.63	-5.02	-4.95	
-5.20	-5.79	-5.44	-6.15	-5.89	-5.05	-5.20	-5.67	-5.31	-5.36	-4.89	-5.44	-4.99	-5.56	-5.10	-5.50	-5.68	-4.71	-4.92	-5.38	-6.12	-5.47	-4.99	-5.16	-5.62	-5.38	-5.25	-6.21	-5.11	-4.78	-4.67	-5.77	-5.66	-5.13	-5.86	-5.76	-5.28	-4.66	-5.01	-5.01	-5.77	-5.07	-4.99	-6.46	-5.63	-6.17	-5.51	-4.99	-5.57	-6.59	-6.11	-5.49	-5.81	-5.67	-6.16	-5.45	-6.79	-5.71	-6.85	-6.00	-3.97	-6.58	-6.17	-5.71	-5.65	-5.93	-5.53	-6.41	-6.98	-5.76	-5.31	-5.74	-6.20	-5.19	-5.84	-5.44	-5.50	-5.00	-5.08	-6.05	-6.18	-5.57	-5.45	-5.56	-5.63	-5.02	-4.94	
-5.17	-5.79	-5.43	-6.15	-5.79	-5.04	-5.20	-5.65	-5.29	-5.30	-4.88	-5.44	-4.98	-5.56	-5.10	-5.48	-5.67	-4.70	-4.90	-5.36	-6.10	-5.47	-4.90	-5.13	-5.60	-5.37	-5.24	-6.18	-5.11	-4.75	-4.66	-5.73	-5.62	-5.13	-5.86	-5.76	-5.26	-4.59	-5.01	-4.99	-5.76	-4.98	-4.98	-6.43	-5.62	-6.15	-5.50	-4.98	-5.52	-6.51	-6.10	-5.49	-5.77	-5.63	-6.13	-5.43	-6.15	-5.70	-6.34	-5.99	-3.95	-6.54	-6.15	-5.70	-5.64	-5.89	-5.45	-6.41	-6.97	-5.75	-5.30	-5.73	-5.73	-5.18	-5.78	-5.35	-5.47	-5.00	-5.07	-6.04	-6.17	-5.54	-5.45	-5.55	-5.61	-5.01	-4.93	
-5.17	-5.78	-5.42	-6.15	-5.75	-5.01	-5.18	-5.62	-5.27	-5.17	-4.82	-5.43	-4.97	-5.55	-5.06	-5.46	-5.66	-4.67	-4.90	-5.34	-6.04	-5.47	-4.85	-5.11	-5.57	-5.35	-5.24	-6.18	-5.09	-4.75	-4.66	-5.72	-5.62	-5.12	-5.85	-5.76	-5.26	-4.57	-4.93	-4.99	-5.76	-4.95	-4.98	-6.42	-5.61	-6.15	-5.48	-4.97	-5.46	-6.49	-6.10	-5.49	-5.76	-5.62	-6.13	-5.42	-6.13	-5.65	-6.32	-5.99	-3.92	-6.54	-6.14	-5.68	-5.51	-5.88	-5.43	-6.40	-6.97	-5.75	-5.28	-5.72	-5.58	-5.18	-5.77	-5.35	-5.46	-5.00	-5.07	-5.86	-6.15	-5.53	-5.45	-5.54	-5.55	-4.99	-4.93	
-5.14	-5.75	-5.38	-6.13	-5.75	-4.97	-5.17	-5.61	-5.26	-5.17	-4.81	-5.40	-4.96	-5.52	-5.04	-5.45	-5.64	-4.67	-4.90	-5.34	-5.93	-5.47	-4.84	-5.06	-5.57	-5.32	-5.22	-6.15	-5.09	-4.75	-4.59	-5.68	-5.60	-5.12	-5.84	-5.75	-5.24	-4.54	-4.90	-4.98	-5.72	-4.91	-4.93	-6.42	-5.60	-6.13	-5.48	-4.97	-5.44	-6.48	-6.08	-5.46	-5.70	-5.61	-6.12	-5.42	-6.09	-5.64	-6.03	-5.97	-3.88	-6.48	-6.14	-5.68	-5.50	-5.87	-5.41	-6.38	-6.97	-5.75	-5.26	-5.70	-5.55	-5.18	-5.76	-5.32	-5.45	-5.00	-5.06	-5.75	-6.14	-5.51	-5.41	-5.53	-5.50	-4.99	-4.92	
-5.12	-5.74	-5.36	-6.10	-5.74	-4.96	-5.15	-5.57	-5.23	-5.13	-4.79	-5.38	-4.96	-5.51	-5.04	-5.44	-5.62	-4.65	-4.88	-5.31	-5.93	-5.46	-4.81	-5.06	-5.52	-5.32	-5.16	-6.08	-5.07	-4.74	-4.58	-5.67	-5.59	-5.11	-5.82	-5.70	-5.24	-4.53	-4.90	-4.97	-5.65	-4.88	-4.90	-6.35	-5.59	-6.11	-5.47	-4.96	-5.37	-6.47	-6.07	-5.46	-5.68	-5.58	-6.11	-5.41	-6.04	-5.63	-6.02	-5.96	-3.85	-6.47	-6.13	-5.67	-5.49	-5.86	-5.40	-6.37	-6.96	-5.75	-5.26	-5.69	-5.55	-5.18	-5.74	-5.31	-5.44	-5.00	-5.05	-5.70	-6.11	-5.48	-5.40	-5.52	-5.42	-4.97	-4.91	
-5.12	-5.74	-5.33	-6.06	-5.66	-4.93	-5.15	-5.55	-5.13	-5.02	-4.76	-5.36	-4.95	-5.48	-5.04	-5.39	-5.61	-4.63	-4.88	-5.31	-5.91	-5.45	-4.80	-5.02	-5.51	-5.17	-5.12	-6.07	-5.06	-4.74	-4.49	-5.66	-5.56	-5.09	-5.80	-5.69	-5.24	-4.51	-4.88	-4.95	-5.61	-4.87	-4.90	-6.35	-5.54	-6.09	-5.47	-4.96	-5.37	-6.47	-6.07	-5.45	-5.62	-5.48	-6.08	-5.41	-6.04	-5.63	-5.98	-5.96	-3.84	-6.46	-6.13	-5.66	-5.44	-5.85	-5.40	-6.34	-6.96	-5.75	-5.23	-5.66	-5.53	-5.17	-5.71	-5.31	-5.43	-4.99	-5.05	-5.69	-6.09	-5.47	-5.37	-5.44	-5.39	-4.96	-4.90	
-5.11	-5.72	-5.32	-6.02	-5.60	-4.91	-5.12	-5.53	-5.12	-5.02	-4.76	-5.36	-4.94	-5.47	-5.03	-5.36	-5.56	-4.61	-4.87	-5.25	-5.88	-5.42	-4.76	-5.01	-5.49	-5.16	-5.02	-6.07	-5.06	-4.74	-4.47	-5.65	-5.54	-5.07	-5.78	-5.69	-5.24	-4.46	-4.86	-4.94	-5.59	-4.84	-4.85	-6.31	-5.49	-6.04	-5.46	-4.91	-5.37	-6.46	-6.06	-5.45	-5.54	-5.45	-6.05	-5.40	-6.04	-5.62	-5.94	-5.95	-3.83	-6.37	-6.08	-5.65	-5.42	-5.82	-5.39	-6.32	-6.95	-5.75	-5.19	-5.64	-5.53	-5.16	-5.69	-5.29	-5.43	-4.97	-5.05	-5.66	-6.09	-5.47	-5.36	-5.44	-5.38	-4.96	-4.90	
-5.08	-5.72	-5.32	-5.98	-5.48	-4.89	-5.12	-5.48	-5.12	-5.02	-4.73	-5.36	-4.94	-5.42	-5.01	-5.31	-5.55	-4.59	-4.87	-5.24	-5.86	-5.41	-4.74	-5.01	-5.46	-5.15	-5.00	-6.07	-5.06	-4.74	-4.47	-5.64	-5.54	-5.06	-5.78	-5.65	-5.23	-4.45	-4.82	-4.93	-5.56	-4.76	-4.84	-6.30	-5.46	-6.03	-5.46	-4.87	-5.35	-6.45	-6.06	-5.45	-5.48	-5.45	-6.05	-5.39	-6.02	-5.62	-5.85	-5.91	-3.76	-6.32	-6.08	-5.63	-5.41	-5.78	-5.38	-6.21	-6.94	-5.74	-5.14	-5.63	-5.49	-5.15	-5.67	-5.29	-5.43	-4.97	-5.05	-5.65	-6.04	-5.46	-5.35	-5.43	-5.34	-4.95	-4.84	
-4.99	-5.68	-5.31	-5.94	-5.29	-4.89	-5.11	-5.47	-5.11	-4.99	-4.73	-5.34	-4.93	-5.42	-5.00	-5.26	-5.55	-4.54	-4.86	-5.23	-5.83	-5.31	-4.67	-5.00	-5.45	-5.15	-4.88	-6.07	-5.05	-4.74	-4.47	-5.64	-5.53	-5.06	-5.73	-5.65	-5.22	-4.37	-4.82	-4.85	-5.52	-4.75	-4.81	-6.28	-5.43	-6.03	-5.45	-4.86	-5.32	-6.45	-6.04	-5.37	-5.44	-5.43	-6.05	-5.39	-5.99	-5.62	-5.73	-5.89	-3.76	-6.31	-6.08	-5.59	-5.35	-5.78	-5.37	-6.20	-6.94	-5.74	-5.14	-5.62	-5.44	-5.11	-5.63	-5.28	-5.42	-4.84	-5.04	-5.59	-6.04	-5.45	-5.34	-5.42	-5.34	-4.93	-4.67	
-4.97	-5.61	-5.29	-5.94	-5.23	-4.88	-5.10	-5.46	-5.06	-4.99	-4.71	-5.28	-4.92	-5.39	-4.98	-5.25	-5.54	-4.53	-4.86	-5.22	-5.83	-5.21	-4.66	-5.00	-5.42	-5.14	-4.88	-6.06	-5.05	-4.73	-4.47	-5.64	-5.53	-5.05	-5.71	-5.59	-5.21	-4.34	-4.77	-4.85	-5.50	-4.72	-4.80	-6.27	-5.39	-6.02	-5.41	-4.86	-5.32	-6.44	-6.02	-5.34	-5.16	-5.41	-6.01	-5.37	-5.91	-5.54	-5.69	-5.88	-3.74	-6.29	-6.07	-5.58	-5.32	-5.77	-5.37	-6.18	-6.93	-5.74	-5.13	-5.62	-5.43	-5.09	-5.63	-5.25	-5.42	-4.81	-5.04	-5.51	-6.02	-5.44	-5.34	-5.38	-5.28	-4.92	-4.65	
-4.87	-5.59	-5.29	-5.90	-5.16	-4.87	-5.09	-5.44	-5.06	-4.98	-4.69	-5.27	-4.91	-5.36	-4.96	-5.25	-5.51	-4.53	-4.85	-5.21	-5.82	-5.20	-4.65	-4.99	-5.40	-5.12	-4.85	-6.05	-5.05	-4.73	-4.45	-5.60	-5.50	-5.05	-5.71	-5.59	-5.19	-4.28	-4.75	-4.84	-5.47	-4.69	-4.75	-6.26	-5.39	-6.01	-5.41	-4.84	-5.30	-6.41	-5.96	-5.32	-5.14	-5.41	-6.00	-5.37	-5.85	-5.52	-5.63	-5.87	-3.71	-6.27	-6.00	-5.56	-5.26	-5.76	-5.36	-6.17	-6.93	-5.74	-5.10	-5.61	-5.42	-5.05	-5.62	-5.24	-5.41	-4.77	-5.00	-5.24	-6.00	-5.44	-5.33	-5.33	-5.28	-4.90	-4.65	
-4.84	-5.53	-5.28	-5.75	-5.09	-4.86	-5.04	-5.41	-5.04	-4.98	-4.68	-5.26	-4.84	-5.35	-4.95	-5.24	-5.49	-4.47	-4.83	-5.21	-5.81	-5.19	-4.63	-4.98	-5.36	-5.11	-4.84	-6.05	-5.02	-4.73	-4.45	-5.53	-5.47	-5.01	-5.70	-5.59	-5.18	-4.28	-4.74	-4.82	-5.45	-4.65	-4.74	-6.23	-5.38	-5.95	-5.37	-4.81	-5.30	-6.40	-5.95	-5.30	-5.05	-5.38	-5.99	-5.36	-5.76	-5.45	-5.57	-5.86	-3.69	-6.26	-5.99	-5.56	-5.21	-5.75	-5.35	-6.16	-6.93	-5.73	-5.07	-5.61	-5.42	-4.98	-5.57	-5.23	-5.39	-4.75	-4.99	-5.23	-5.99	-5.43	-5.33	-5.28	-5.28	-4.90	-4.63	
-4.79	-5.53	-5.27	-5.72	-5.08	-4.85	-5.03	-5.40	-5.02	-4.96	-4.64	-5.25	-4.83	-5.33	-4.93	-5.22	-5.45	-4.35	-4.82	-5.20	-5.80	-5.17	-4.61	-4.98	-5.35	-5.10	-4.81	-6.03	-4.99	-4.73	-4.45	-5.53	-5.45	-5.01	-5.69	-5.58	-5.15	-4.27	-4.74	-4.64	-5.39	-4.64	-4.70	-6.19	-5.35	-5.94	-5.36	-4.80	-5.29	-6.40	-5.92	-5.27	-4.94	-5.35	-5.93	-5.34	-5.73	-5.41	-5.52	-5.86	-3.65	-6.19	-5.99	-5.55	-5.19	-5.72	-5.34	-6.15	-6.92	-5.72	-5.05	-5.59	-5.40	-4.87	-5.53	-5.22	-5.39	-4.68	-4.95	-5.23	-5.94	-5.39	-5.31	-5.13	-5.23	-4.87	-4.57	
-4.75	-5.52	-5.27	-5.67	-5.04	-4.85	-5.03	-5.38	-4.99	-4.95	-4.62	-5.24	-4.83	-5.33	-4.91	-5.16	-5.42	-4.32	-4.77	-5.20	-5.79	-5.17	-4.61	-4.97	-5.32	-5.07	-4.81	-6.03	-4.90	-4.72	-4.45	-5.48	-5.44	-5.00	-5.66	-5.56	-5.15	-4.23	-4.71	-4.63	-5.37	-4.64	-4.69	-6.19	-5.35	-5.91	-5.33	-4.80	-5.29	-6.38	-5.91	-5.26	-4.94	-5.28	-5.92	-5.33	-5.72	-5.40	-5.48	-5.85	-3.61	-6.15	-5.98	-5.55	-5.18	-5.68	-5.34	-6.08	-6.91	-5.70	-5.03	-5.57	-5.37	-4.86	-5.52	-5.22	-5.38	-4.67	-4.84	-5.22	-5.83	-5.36	-5.30	-5.10	-5.23	-4.83	-4.56	
-4.75	-5.45	-5.26	-4.95	-4.93	-4.82	-5.03	-5.36	-4.96	-4.94	-4.62	-5.24	-4.82	-5.33	-4.81	-5.10	-5.42	-4.29	-4.75	-5.16	-5.78	-5.16	-4.59	-4.96	-5.25	-5.03	-4.78	-6.02	-4.90	-4.71	-4.44	-5.48	-5.43	-4.98	-5.65	-5.53	-5.13	-4.22	-4.70	-4.62	-5.37	-4.63	-4.67	-6.18	-5.34	-5.88	-5.29	-4.79	-5.26	-6.37	-5.91	-5.26	-4.92	-5.26	-5.91	-5.33	-5.72	-5.38	-5.47	-5.85	-3.58	-6.09	-5.97	-5.53	-5.11	-5.66	-5.31	-6.04	-6.90	-5.68	-5.02	-5.50	-5.32	-4.84	-5.49	-5.19	-5.37	-4.67	-4.61	-5.22	-5.77	-5.35	-5.29	-5.01	-5.21	-4.82	-4.52	
-4.73	-5.41	-5.26	-4.94	-4.89	-4.75	-5.02	-5.23	-4.94	-4.93	-4.62	-5.22	-4.82	-5.32	-4.75	-5.10	-5.41	-4.28	-4.66	-5.13	-5.76	-5.11	-4.57	-4.95	-5.25	-5.01	-4.78	-6.01	-4.89	-4.69	-4.44	-5.39	-5.43	-4.91	-5.58	-5.52	-5.10	-4.13	-4.64	-4.60	-5.37	-4.61	-4.66	-6.16	-5.34	-5.86	-5.29	-4.78	-5.23	-6.36	-5.87	-5.21	-4.90	-5.23	-5.77	-5.32	-5.71	-5.37	-5.46	-5.84	-3.56	-5.98	-5.97	-5.49	-5.10	-5.65	-5.30	-6.04	-6.89	-5.60	-5.00	-5.49	-5.32	-4.84	-5.49	-5.19	-5.36	-4.65	-4.61	-5.22	-5.74	-5.31	-5.29	-4.96	-5.21	-4.81	-4.51	
-4.73	-5.40	-5.23	-4.90	-4.89	-4.74	-5.00	-5.20	-4.93	-4.90	-4.60	-5.15	-4.81	-5.27	-4.75	-5.07	-5.41	-4.28	-4.52	-5.12	-5.74	-5.11	-4.56	-4.92	-5.20	-5.00	-4.75	-5.99	-4.87	-4.69	-4.44	-5.33	-5.42	-4.90	-5.57	-5.51	-5.09	-4.08	-4.54	-4.56	-5.36	-4.59	-4.64	-6.15	-5.32	-5.84	-5.28	-4.75	-5.21	-6.34	-5.85	-5.20	-4.87	-5.23	-5.70	-5.30	-5.70	-5.36	-5.43	-5.84	-3.48	-5.98	-5.95	-5.47	-5.09	-5.65	-5.30	-6.02	-6.84	-5.49	-4.99	-5.46	-5.30	-4.82	-5.45	-5.19	-5.34	-4.64	-4.61	-5.21	-5.71	-5.30	-5.25	-4.95	-5.20	-4.81	-4.51	
-4.71	-5.37	-5.22	-4.78	-4.85	-4.73	-4.98	-5.19	-4.90	-4.84	-4.60	-5.12	-4.79	-5.26	-4.68	-5.04	-5.37	-4.26	-4.50	-5.11	-5.70	-5.08	-4.53	-4.91	-5.17	-4.99	-4.75	-5.98	-4.76	-4.48	-4.44	-5.27	-5.41	-4.88	-5.52	-5.47	-5.06	-4.07	-4.53	-4.55	-5.35	-4.59	-4.59	-6.09	-5.29	-5.84	-5.28	-4.71	-5.19	-6.32	-5.81	-5.00	-4.87	-5.23	-5.63	-5.30	-5.67	-5.34	-5.40	-5.81	-3.46	-5.97	-5.94	-5.41	-5.03	-5.64	-5.30	-6.00	-6.83	-5.45	-4.98	-5.43	-5.28	-4.82	-5.42	-5.18	-5.32	-4.62	-4.60	-5.19	-5.61	-5.30	-5.18	-4.95	-5.15	-4.74	-4.48	
-4.69	-5.36	-5.18	-4.75	-4.84	-4.72	-4.97	-5.18	-4.90	-4.84	-4.57	-5.10	-4.76	-5.23	-4.66	-5.04	-5.37	-4.25	-4.47	-5.09	-5.69	-5.03	-4.50	-4.90	-5.17	-4.99	-4.75	-5.97	-4.74	-4.40	-4.44	-5.24	-5.38	-4.87	-5.51	-5.45	-5.05	-3.96	-4.51	-4.51	-5.33	-4.56	-4.53	-6.09	-5.29	-5.83	-5.28	-4.71	-5.14	-6.32	-5.77	-4.93	-4.86	-5.21	-5.58	-5.28	-5.61	-5.34	-5.38	-5.80	-3.45	-5.95	-5.89	-5.40	-5.00	-5.64	-5.29	-5.99	-6.83	-5.35	-4.92	-5.38	-5.28	-4.79	-5.42	-5.18	-5.21	-4.62	-4.60	-5.19	-5.45	-5.28	-5.15	-4.93	-5.15	-4.72	-4.43	
-4.68	-5.32	-5.10	-4.74	-4.82	-4.71	-4.97	-5.16	-4.89	-4.78	-4.56	-5.10	-4.69	-5.23	-4.63	-5.02	-5.34	-4.25	-4.46	-5.06	-5.68	-4.82	-4.49	-4.88	-5.13	-4.97	-4.74	-5.96	-4.74	-4.39	-4.43	-5.13	-5.25	-4.85	-5.49	-5.45	-5.03	-3.94	-4.50	-4.45	-5.31	-4.56	-4.50	-5.96	-5.28	-5.83	-5.27	-4.66	-5.12	-6.30	-5.76	-4.92	-4.84	-5.20	-5.48	-5.25	-5.60	-5.33	-5.38	-5.78	-3.42	-5.92	-5.88	-5.30	-4.97	-5.63	-5.25	-5.96	-6.82	-5.35	-4.89	-5.26	-5.25	-4.78	-5.41	-5.17	-5.20	-4.59	-4.60	-5.19	-5.44	-5.28	-5.15	-4.93	-5.11	-4.72	-4.41	
-4.67	-5.30	-5.08	-4.74	-4.80	-4.61	-4.96	-5.05	-4.85	-4.78	-4.48	-5.07	-4.69	-5.20	-4.59	-4.94	-5.30	-4.21	-4.44	-5.02	-5.66	-4.77	-4.46	-4.86	-5.11	-4.94	-4.73	-5.94	-4.73	-4.30	-4.43	-5.12	-5.23	-4.84	-5.48	-5.45	-5.01	-3.87	-4.46	-4.40	-5.30	-4.50	-4.50	-5.94	-5.23	-5.83	-5.22	-4.64	-5.07	-6.22	-5.75	-4.89	-4.83	-5.15	-5.45	-5.25	-5.58	-5.21	-5.37	-5.78	-3.36	-5.88	-5.86	-5.22	-4.95	-5.61	-5.24	-5.93	-6.72	-5.34	-4.88	-5.23	-5.23	-4.75	-5.40	-5.15	-5.20	-4.57	-4.59	-5.18	-5.40	-5.28	-5.13	-4.93	-5.04	-4.68	-4.38	
-4.63	-5.28	-5.06	-4.73	-4.80	-4.58	-4.94	-4.99	-4.84	-4.76	-4.40	-5.06	-4.69	-5.16	-4.58	-4.93	-5.30	-4.20	-4.44	-5.01	-5.64	-4.74	-4.45	-4.86	-5.08	-4.82	-4.71	-5.87	-4.69	-4.29	-4.40	-5.11	-5.19	-4.81	-5.39	-5.43	-5.00	-3.83	-4.46	-4.38	-5.21	-4.49	-4.45	-5.90	-5.23	-5.79	-5.20	-4.62	-5.06	-6.17	-5.75	-4.85	-4.83	-5.14	-5.43	-5.24	-5.57	-5.19	-5.32	-5.59	-3.33	-5.84	-5.86	-5.22	-4.94	-5.60	-5.23	-5.93	-6.67	-5.34	-4.86	-5.22	-5.23	-4.63	-5.36	-5.10	-5.19	-4.54	-4.59	-5.17	-5.39	-5.26	-5.04	-4.91	-4.94	-4.65	-4.36	
-4.61	-5.27	-5.02	-4.71	-4.79	-4.54	-4.93	-4.98	-4.84	-4.74	-4.39	-4.97	-4.67	-5.12	-4.57	-4.92	-5.28	-4.15	-4.42	-5.00	-5.60	-4.61	-4.39	-4.83	-5.08	-4.81	-4.67	-5.86	-4.65	-4.29	-4.22	-5.10	-5.19	-4.80	-5.32	-5.34	-5.00	-3.75	-4.40	-4.34	-5.16	-4.46	-4.43	-5.89	-5.23	-5.79	-5.20	-4.62	-5.04	-6.13	-5.74	-4.83	-4.81	-5.13	-5.40	-5.22	-5.56	-5.12	-5.32	-5.58	-3.15	-5.84	-5.86	-5.21	-4.86	-5.59	-5.21	-5.90	-6.64	-5.34	-4.86	-5.21	-5.20	-4.63	-5.36	-5.09	-5.15	-4.46	-4.58	-5.17	-5.39	-5.26	-5.03	-4.91	-4.93	-4.64	-4.36	
-4.57	-5.24	-4.97	-4.70	-4.78	-4.51	-4.92	-4.97	-4.77	-4.64	-4.37	-4.88	-4.66	-5.12	-4.57	-4.86	-5.22	-4.15	-4.39	-4.97	-5.52	-4.58	-4.38	-4.82	-5.07	-4.80	-4.48	-5.85	-4.54	-4.28	-4.13	-5.06	-5.09	-4.79	-5.30	-5.31	-5.00	-3.74	-4.37	-4.34	-5.16	-4.45	-4.40	-5.82	-5.17	-5.78	-5.18	-4.61	-4.99	-6.09	-5.74	-4.81	-4.81	-5.12	-5.38	-5.18	-5.50	-5.11	-5.31	-5.58	-3.15	-5.83	-5.85	-5.20	-4.79	-5.57	-5.21	-5.87	-6.61	-5.34	-4.84	-5.19	-5.19	-4.61	-5.30	-5.08	-5.15	-4.46	-4.55	-5.10	-5.38	-5.21	-5.00	-4.90	-4.90	-4.58	-4.32	
-4.56	-5.24	-4.97	-4.68	-4.73	-4.51	-4.89	-4.94	-4.71	-4.64	-4.33	-4.87	-4.63	-5.12	-4.51	-4.85	-5.16	-4.13	-4.37	-4.96	-5.51	-4.53	-4.31	-4.78	-5.06	-4.77	-4.47	-5.85	-4.48	-4.19	-4.12	-5.06	-5.08	-4.79	-5.29	-5.24	-4.99	-3.73	-4.12	-4.32	-5.09	-4.37	-4.31	-5.78	-5.12	-5.77	-5.16	-4.61	-4.97	-6.07	-5.73	-4.81	-4.81	-5.11	-5.37	-5.16	-5.50	-5.08	-5.30	-5.51	-3.13	-5.76	-5.84	-5.18	-4.79	-5.54	-5.13	-5.86	-6.48	-5.32	-4.82	-5.16	-5.10	-4.52	-5.28	-5.05	-5.15	-4.42	-4.55	-4.97	-5.38	-5.14	-4.98	-4.89	-4.89	-4.57	-4.29	
-4.53	-5.23	-4.97	-4.65	-4.70	-4.47	-4.88	-4.80	-4.67	-4.63	-4.32	-4.86	-4.59	-5.11	-4.48	-4.83	-5.03	-4.07	-4.35	-4.93	-5.45	-4.46	-4.30	-4.64	-5.05	-4.58	-4.47	-5.73	-4.46	-4.18	-4.08	-4.86	-4.91	-4.76	-5.25	-5.19	-4.98	-3.72	-4.12	-4.00	-5.08	-4.34	-4.31	-5.66	-5.12	-5.73	-5.11	-4.61	-4.96	-6.05	-5.68	-4.80	-4.81	-5.05	-5.35	-5.16	-5.48	-5.04	-5.30	-5.49	-2.99	-5.64	-5.82	-5.14	-4.79	-5.52	-5.04	-5.81	-6.47	-5.30	-4.81	-5.13	-5.02	-4.43	-5.22	-5.02	-5.13	-4.36	-4.50	-4.91	-5.35	-5.07	-4.97	-4.85	-4.87	-4.57	-4.18	
-4.53	-5.19	-4.97	-4.58	-4.69	-4.47	-4.84	-4.72	-4.64	-4.59	-4.28	-4.85	-4.59	-5.03	-4.33	-4.82	-5.01	-4.00	-4.29	-4.90	-5.39	-4.27	-4.28	-4.62	-5.05	-4.49	-4.46	-5.65	-4.46	-4.18	-4.05	-4.80	-4.89	-4.73	-5.10	-5.18	-4.96	-3.54	-4.04	-3.92	-4.98	-4.20	-4.17	-5.62	-5.08	-5.66	-5.09	-4.52	-4.82	-6.01	-5.52	-4.73	-4.77	-5.00	-5.34	-5.15	-5.40	-5.03	-5.27	-5.48	-2.88	-5.59	-5.76	-5.13	-4.74	-5.44	-5.04	-5.78	-6.46	-5.24	-4.80	-5.12	-5.02	-4.41	-5.19	-4.98	-5.10	-4.34	-4.36	-4.88	-5.33	-5.07	-4.96	-4.79	-4.84	-4.53	-4.15	
-4.45	-5.13	-4.85	-4.58	-4.67	-4.36	-4.67	-4.71	-4.57	-4.47	-4.23	-4.83	-4.50	-4.93	-4.33	-4.81	-4.96	-3.98	-4.19	-4.88	-5.17	-4.26	-4.11	-4.61	-5.03	-4.45	-4.43	-5.56	-4.45	-4.18	-4.01	-4.69	-4.85	-4.72	-5.07	-5.13	-4.85	-3.34	-4.02	-3.88	-4.78	-4.18	-4.13	-5.38	-5.06	-5.59	-5.07	-4.32	-4.76	-6.00	-5.45	-4.68	-4.73	-4.97	-5.19	-5.14	-5.28	-4.95	-5.13	-5.43	-2.83	-5.58	-5.67	-5.08	-4.60	-5.35	-5.04	-5.76	-6.40	-5.23	-4.76	-5.07	-4.83	-4.35	-5.08	-4.92	-4.94	-4.31	-4.24	-4.83	-5.31	-5.06	-4.89	-4.41	-4.79	-4.41	-4.10	
-4.44	-4.97	-4.71	-4.56	-4.65	-4.12	-4.65	-4.54	-4.48	-4.33	-4.06	-4.75	-4.31	-4.85	-4.30	-4.60	-4.78	-3.77	-3.99	-4.87	-5.16	-4.22	-4.06	-4.45	-4.87	-4.37	-4.43	-5.42	-4.34	-4.15	-3.99	-4.68	-4.77	-4.71	-5.06	-5.04	-4.68	-3.15	-3.99	-3.81	-4.69	-3.92	-4.06	-5.01	-5.05	-5.51	-4.84	-4.23	-4.71	-5.90	-5.35	-4.60	-4.68	-4.94	-5.15	-5.11	-5.26	-4.77	-5.03	-5.41	-2.55	-5.55	-5.60	-4.95	-4.52	-5.24	-4.97	-5.57	-6.33	-5.22	-4.52	-4.95	-4.80	-4.32	-4.96	-4.90	-4.77	-4.22	-4.04	-4.74	-5.31	-5.00	-4.52	-4.33	-4.65	-4.28	-4.08	
