#ZINC
LIG_001	LIG_002	LIG_003	LIG_004	LIG_005	LIG_006	LIG_007	LIG_008	LIG_009	LIG_010	LIG_011	LIG_012	LIG_013	LIG_014	LIG_015	LIG_016	LIG_017	LIG_018	LIG_019	LIG_020	LIG_021	LIG_022	LIG_023	LIG_024	LIG_025	LIG_026	LIG_027	LIG_028	LIG_029	LIG_030	LIG_031	LIG_032	LIG_033	LIG_034	LIG_035	LIG_036	LIG_037	LIG_038	LIG_039	LIG_040	LIG_041	LIG_042	LIG_043	LIG_044	LIG_045	LIG_046	LIG_047	LIG_048	LIG_049	LIG_050	LIG_051	LIG_052	LIG_053	LIG_054	LIG_055	LIG_056	LIG_057	LIG_058	LIG_059	LIG_060	LIG_061	LIG_062	LIG_063	LIG_064	LIG_065	LIG_066	LIG_067	LIG_068	LIG_069	LIG_070	LIG_071	LIG_072	LIG_073	LIG_074	LIG_075	LIG_076	LIG_077	LIG_078	LIG_079	LIG_080	LIG_081	LIG_082	LIG_083	LIG_084	LIG_085	LIG_086	LIG_087
-9.06	-9.72	-8.86	-8.16	-7.41	-7.11	-9.13	-8.61	-8.38	-8.06	-9.09	-8.97	-8.56	-9.29	-8.37	-8.87	-8.76	-4.49	-7.34	-9.76	-9.07	-8.24	-8.18	-8.31	-8.83	-8.03	-7.55	-9.57	-7.10	-6.90	-6.14	-7.29	-8.98	-8.83	-5.76	-7.69	-9.90	-6.60	-5.49	-4.17	-6.23	-4.60	-4.39	-6.75	-8.49	-9.57	-7.80	-8.87	-5.38	-9.49	-10.53	-7.88	-8.18	-8.70	-9.00	-9.79	-9.13	-8.57	-9.57	-9.91	-8.96	-9.88	-6.38	-10.21	-8.80	-8.18	-8.33	-10.29	-10.50	-8.84	-8.31	-8.66	-8.73	-8.10	-8.55	-9.10	-8.47	-7.74	-7.09	-7.72	-9.24	-8.94	-9.36	-7.10	-7.54	-8.09	-8.77	
-9.00	-9.71	-8.60	-8.13	-7.39	-6.06	-9.07	-8.57	-8.35	-8.05	-8.94	-8.30	-8.46	-9.28	-7.85	-8.85	-8.73	-4.46	-6.73	-7.07	-8.96	-7.99	-7.20	-7.33	-8.67	-8.02	-7.41	-9.52	-6.70	-6.90	-6.13	-7.18	-8.96	-8.74	-5.62	-7.58	-9.03	-6.39	-5.21	-3.94	-5.82	-4.60	-4.36	-6.67	-8.41	-9.41	-7.34	-7.56	-5.38	-8.04	-9.01	-7.79	-8.04	-8.59	-8.61	-9.68	-9.06	-8.54	-9.37	-9.55	-8.86	-8.56	-6.15	-10.07	-8.25	-7.47	-8.24	-10.10	-10.47	-8.73	-8.05	-8.41	-8.73	-8.09	-8.54	-8.86	-8.46	-7.59	-7.08	-7.70	-8.67	-8.74	-9.13	-6.81	-7.44	-8.04	-8.71	
-8.99	-9.64	-8.51	-8.08	-7.37	-4.49	-8.94	-8.47	-8.29	-7.91	-8.92	-8.23	-7.59	-9.25	-7.71	-8.84	-8.59	-4.40	-5.94	-5.44	-8.88	-7.90	-7.15	-6.86	-8.49	-8.01	-7.29	-9.47	-4.95	-6.89	-6.13	-7.17	-8.95	-8.74	-5.54	-6.24	-8.70	-6.34	-5.06	-3.92	-5.75	-4.53	-4.28	-6.45	-6.50	-9.14	-5.77	-7.20	-5.36	-6.15	-7.89	-7.74	-7.94	-8.36	-8.55	-9.64	-8.73	-8.49	-9.35	-9.54	-8.62	-6.44	-6.04	-10.04	-8.12	-6.34	-8.23	-10.07	-10.41	-8.48	-7.91	-8.03	-8.64	-8.04	-8.49	-8.83	-8.46	-7.48	-6.80	-7.69	-8.55	-8.69	-8.82	-6.52	-7.35	-7.82	-7.71	
-8.99	-9.61	-8.43	-8.06	-7.34	-4.16	-8.85	-8.27	-8.22	-7.84	-8.79	-8.21	-7.00	-9.21	-7.58	-8.83	-8.55	-4.37	-4.09	-5.37	-8.88	-7.47	-6.70	-6.84	-8.46	-7.95	-7.07	-9.41	-4.79	-6.89	-6.13	-7.15	-8.76	-8.64	-5.27	-6.23	-8.44	-6.18	-5.04	-3.92	-5.70	-4.42	-4.27	-6.23	-6.23	-8.60	-5.52	-4.86	-5.34	-6.09	-7.79	-7.63	-7.89	-8.31	-8.49	-9.62	-8.69	-8.44	-9.35	-9.42	-8.55	-6.37	-5.99	-8.99	-7.83	-6.05	-7.61	-10.05	-10.39	-7.49	-7.89	-8.03	-8.62	-7.41	-8.48	-8.81	-8.46	-7.34	-6.77	-7.68	-8.52	-8.50	-8.54	-6.34	-7.09	-7.33	-7.49	
-8.90	-9.59	-8.43	-8.01	-7.34	-4.15	-8.80	-8.17	-8.22	-7.82	-8.79	-7.92	-6.90	-9.04	-7.50	-8.77	-8.51	-4.35	-4.00	-5.25	-8.76	-7.45	-6.41	-5.83	-8.41	-7.94	-7.06	-9.37	-4.61	-6.88	-6.09	-7.12	-8.47	-8.61	-5.18	-6.19	-8.00	-6.05	-4.87	-3.89	-5.63	-4.38	-4.22	-6.17	-5.89	-8.58	-5.15	-4.81	-5.26	-6.02	-6.16	-7.62	-7.87	-8.29	-8.45	-9.58	-8.69	-8.42	-9.19	-9.30	-8.52	-6.34	-5.97	-8.72	-7.82	-6.01	-7.60	-10.03	-10.13	-6.50	-7.89	-7.93	-8.60	-7.07	-8.44	-8.80	-8.37	-7.34	-6.76	-7.67	-8.50	-8.45	-8.46	-6.31	-7.01	-7.16	-7.44	
-8.90	-9.43	-8.32	-8.01	-7.33	-4.12	-8.76	-8.11	-8.20	-7.79	-8.72	-7.28	-6.58	-8.65	-6.84	-8.76	-8.41	-4.33	-3.96	-5.21	-8.75	-7.39	-4.49	-5.00	-8.41	-7.91	-6.99	-9.31	-4.52	-6.88	-6.08	-7.11	-8.41	-8.59	-5.15	-6.10	-7.37	-6.01	-4.75	-3.87	-5.57	-4.36	-4.21	-6.12	-5.81	-8.32	-4.99	-4.73	-5.16	-6.00	-6.12	-7.61	-7.84	-8.29	-8.45	-9.51	-8.51	-8.40	-9.18	-9.23	-8.47	-6.14	-5.92	-7.74	-7.65	-5.98	-7.12	-9.97	-10.10	-5.01	-7.61	-7.82	-8.60	-7.02	-8.35	-8.73	-8.37	-7.34	-6.76	-7.66	-7.78	-8.44	-8.45	-6.18	-6.92	-7.11	-7.21	
-8.87	-9.42	-8.31	-7.89	-7.31	-4.03	-8.70	-8.09	-8.19	-7.56	-8.53	-6.81	-5.68	-8.59	-5.99	-8.64	-8.32	-4.24	-3.79	-5.21	-8.68	-7.34	-4.43	-4.97	-8.40	-7.90	-6.69	-9.22	-4.49	-6.87	-6.08	-7.11	-8.23	-8.56	-5.12	-6.09	-7.05	-6.01	-4.75	-3.85	-5.55	-4.26	-4.20	-6.10	-5.65	-8.01	-4.82	-4.68	-5.14	-5.95	-5.97	-7.61	-7.81	-8.28	-8.44	-9.41	-8.51	-8.38	-9.15	-9.08	-8.47	-6.14	-5.90	-5.89	-4.82	-5.96	-5.26	-9.59	-10.04	-4.87	-7.56	-7.74	-8.57	-7.00	-8.34	-8.70	-8.36	-7.24	-6.74	-7.66	-5.77	-8.42	-8.41	-5.98	-6.59	-7.10	-6.92	
-8.87	-9.35	-8.26	-7.81	-7.30	-3.96	-8.40	-8.02	-8.11	-7.35	-8.49	-6.72	-4.69	-8.58	-4.67	-8.40	-8.24	-4.24	-3.78	-5.15	-8.62	-6.89	-4.33	-4.96	-8.39	-7.84	-6.67	-9.19	-4.46	-6.83	-6.04	-7.10	-8.19	-8.53	-5.12	-6.05	-5.69	-6.00	-4.69	-3.82	-5.48	-4.22	-4.20	-6.08	-5.58	-7.11	-4.78	-4.62	-5.13	-5.82	-5.93	-7.60	-7.78	-8.28	-8.41	-9.21	-8.41	-8.38	-9.11	-8.79	-8.45	-6.04	-5.84	-5.86	-4.52	-5.93	-4.94	-9.51	-10.03	-4.82	-7.05	-7.01	-8.56	-6.94	-8.27	-8.70	-8.35	-7.19	-6.74	-7.66	-5.63	-8.41	-8.25	-4.39	-6.13	-6.68	-6.85	
-8.84	-9.00	-8.25	-7.81	-7.29	-3.89	-8.33	-7.99	-8.05	-7.21	-8.46	-6.61	-4.47	-8.56	-4.63	-8.35	-8.24	-4.19	-3.77	-5.01	-8.50	-6.84	-4.31	-4.95	-8.32	-7.82	-6.56	-9.08	-4.46	-6.83	-6.04	-7.09	-8.10	-8.50	-5.09	-6.04	-5.66	-6.00	-4.65	-3.77	-5.42	-4.21	-4.19	-5.77	-5.52	-6.73	-4.74	-4.56	-5.12	-5.81	-5.92	-7.56	-7.78	-8.28	-8.40	-9.02	-8.37	-8.29	-9.01	-8.31	-8.44	-5.99	-5.81	-5.84	-4.45	-5.87	-4.94	-9.29	-10.00	-4.82	-6.71	-6.91	-8.50	-6.93	-8.22	-8.69	-8.34	-7.13	-6.68	-7.65	-5.58	-8.40	-8.24	-4.37	-5.95	-5.97	-6.76	
-8.80	-8.97	-8.23	-7.81	-7.28	-3.79	-8.32	-7.98	-8.04	-6.92	-8.38	-4.54	-4.46	-8.52	-4.49	-8.33	-8.22	-4.17	-3.73	-4.99	-8.47	-6.78	-4.29	-4.91	-8.10	-7.68	-6.48	-8.99	-4.43	-6.83	-6.02	-7.09	-8.09	-8.46	-5.05	-6.04	-5.61	-5.97	-4.64	-3.69	-5.41	-4.15	-4.15	-5.75	-5.47	-5.67	-4.68	-4.55	-5.11	-5.76	-5.80	-7.46	-7.77	-8.26	-8.37	-8.72	-8.37	-8.21	-8.99	-7.25	-8.43	-5.93	-5.78	-5.73	-4.37	-5.86	-4.92	-9.19	-9.98	-4.81	-6.55	-5.29	-8.48	-6.90	-8.22	-8.65	-8.30	-7.09	-6.68	-7.65	-5.44	-8.38	-8.22	-4.29	-4.78	-5.95	-4.98	
-8.78	-8.84	-8.22	-7.80	-7.28	-3.76	-8.30	-7.93	-8.04	-4.72	-8.37	-4.18	-4.30	-8.35	-4.42	-8.27	-8.20	-4.16	-3.70	-4.98	-8.45	-5.80	-4.26	-4.88	-8.06	-7.54	-6.35	-8.90	-4.42	-6.82	-5.98	-7.09	-8.07	-8.44	-5.02	-6.02	-5.60	-5.94	-4.58	-3.62	-5.38	-4.08	-4.10	-5.70	-5.23	-5.65	-4.66	-4.54	-5.10	-5.76	-5.77	-7.43	-7.75	-8.25	-8.35	-8.63	-8.35	-8.20	-8.90	-5.97	-8.34	-5.93	-5.77	-5.72	-4.36	-5.76	-4.82	-7.03	-9.98	-4.78	-4.61	-5.18	-8.42	-6.90	-8.20	-8.65	-8.25	-7.04	-6.67	-7.65	-5.30	-8.36	-8.13	-4.22	-4.57	-4.41	-4.89	
-8.78	-8.58	-8.21	-7.80	-7.28	-3.73	-8.29	-7.91	-8.03	-4.69	-8.32	-4.17	-4.30	-8.33	-4.37	-8.23	-8.20	-4.06	-3.68	-4.91	-8.44	-5.25	-4.24	-4.43	-8.03	-7.48	-6.31	-8.82	-4.37	-6.82	-5.95	-7.08	-8.04	-8.41	-5.02	-5.99	-5.57	-5.91	-4.56	-3.60	-5.35	-4.06	-4.06	-5.67	-5.22	-5.61	-4.57	-4.52	-5.08	-5.75	-5.77	-7.36	-7.73	-8.23	-8.35	-8.56	-8.30	-8.12	-8.45	-5.62	-8.33	-5.83	-5.73	-5.72	-4.33	-5.60	-4.80	-6.42	-9.96	-4.76	-4.43	-5.07	-8.41	-6.87	-8.20	-8.55	-8.24	-7.01	-6.64	-7.65	-5.13	-8.23	-7.97	-4.08	-4.52	-4.35	-4.87	
-8.77	-8.33	-8.14	-7.78	-7.27	-3.72	-8.27	-7.90	-8.00	-4.63	-8.19	-4.16	-4.29	-8.30	-4.31	-8.18	-8.15	-4.05	-3.67	-4.91	-8.42	-5.16	-4.23	-4.43	-8.02	-7.44	-6.14	-8.52	-4.36	-6.82	-5.89	-7.08	-8.01	-8.40	-5.01	-5.94	-5.51	-5.89	-4.55	-3.59	-5.34	-4.03	-4.06	-5.66	-5.22	-5.58	-4.54	-4.49	-5.07	-5.73	-5.68	-7.36	-7.72	-8.21	-8.33	-8.40	-8.26	-8.11	-8.42	-5.53	-8.30	-5.79	-5.70	-5.65	-4.32	-5.59	-4.75	-5.95	-9.94	-4.74	-4.30	-5.06	-8.39	-6.69	-8.19	-8.49	-8.24	-6.99	-6.58	-7.65	-5.10	-8.22	-7.77	-4.03	-4.49	-4.31	-4.75	
-8.74	-8.23	-8.14	-7.74	-7.27	-3.68	-8.22	-7.87	-8.00	-4.60	-8.11	-4.16	-4.25	-8.29	-4.12	-8.16	-8.08	-4.03	-3.65	-4.82	-8.37	-5.10	-4.21	-4.42	-7.96	-7.20	-6.08	-8.50	-4.36	-6.82	-5.86	-7.07	-7.99	-8.39	-4.99	-5.93	-5.46	-5.88	-4.53	-3.56	-5.29	-4.03	-4.02	-5.53	-5.21	-5.55	-4.52	-4.49	-5.02	-5.70	-5.67	-7.36	-7.71	-8.17	-8.33	-8.37	-8.25	-8.06	-8.41	-5.46	-8.29	-5.78	-5.68	-5.64	-4.28	-5.58	-4.74	-5.92	-9.93	-4.74	-4.18	-5.04	-8.34	-6.46	-8.18	-8.46	-8.23	-6.94	-6.09	-7.64	-5.09	-8.19	-7.66	-3.99	-4.47	-4.26	-4.73	
-8.70	-8.22	-8.14	-7.73	-7.27	-3.67	-8.22	-7.85	-8.00	-4.56	-8.11	-4.15	-4.22	-8.25	-4.08	-8.15	-8.07	-4.01	-3.64	-4.81	-8.37	-4.96	-4.20	-4.35	-7.95	-7.17	-5.83	-8.06	-4.24	-6.82	-5.80	-7.02	-7.93	-8.38	-4.97	-5.90	-5.45	-5.78	-4.50	-3.54	-5.27	-4.03	-4.02	-5.52	-5.19	-5.38	-4.47	-4.47	-5.01	-5.67	-5.67	-7.36	-7.68	-8.09	-8.29	-8.32	-8.23	-8.06	-8.33	-5.44	-8.29	-5.77	-5.67	-5.64	-4.28	-5.58	-4.73	-5.86	-9.90	-4.69	-4.14	-4.99	-8.34	-4.50	-8.18	-8.42	-8.22	-6.57	-5.96	-7.63	-5.03	-8.09	-6.73	-3.97	-4.46	-4.16	-4.70	
-8.69	-8.22	-8.09	-7.73	-7.26	-3.67	-8.20	-7.82	-7.98	-4.48	-8.07	-4.15	-4.19	-8.23	-4.05	-8.15	-8.03	-3.94	-3.63	-4.78	-8.36	-4.94	-4.19	-4.33	-7.93	-6.74	-5.39	-7.74	-4.19	-6.82	-5.77	-7.01	-7.92	-8.37	-4.95	-5.89	-5.45	-5.77	-4.50	-3.53	-5.27	-3.98	-3.91	-5.52	-5.19	-5.36	-4.46	-4.43	-4.99	-5.62	-5.64	-7.34	-7.65	-8.08	-8.26	-8.31	-8.06	-8.03	-8.26	-5.42	-8.26	-5.76	-5.66	-5.64	-4.26	-5.58	-4.72	-5.78	-9.89	-4.65	-4.13	-4.98	-8.26	-4.47	-8.17	-8.28	-8.22	-6.43	-5.92	-7.60	-5.00	-8.07	-6.65	-3.95	-4.42	-4.11	-4.66	
-8.66	-8.15	-8.08	-7.63	-7.26	-3.67	-8.20	-7.81	-7.91	-4.48	-7.99	-4.14	-4.06	-8.23	-4.04	-8.15	-7.98	-3.93	-3.62	-4.58	-8.34	-4.89	-4.14	-4.13	-7.90	-6.65	-5.32	-6.96	-4.17	-6.81	-5.76	-7.00	-7.92	-8.35	-4.93	-5.87	-5.43	-5.75	-4.49	-3.53	-5.26	-3.96	-3.87	-5.51	-5.11	-5.35	-4.44	-4.42	-4.98	-5.62	-5.64	-7.34	-7.64	-7.97	-8.20	-8.27	-7.97	-8.00	-8.25	-5.42	-8.23	-5.74	-5.63	-5.63	-4.22	-5.52	-4.70	-5.77	-9.83	-4.64	-4.12	-4.97	-8.22	-4.47	-8.16	-8.24	-8.21	-4.38	-5.75	-7.59	-4.98	-8.04	-5.04	-3.91	-4.41	-4.08	-4.65	
-8.63	-7.91	-8.07	-7.62	-7.25	-3.67	-8.15	-7.81	-7.90	-4.43	-7.97	-4.13	-4.04	-8.09	-3.98	-8.09	-7.98	-3.90	-3.62	-4.50	-8.33	-4.87	-4.11	-4.11	-7.83	-6.47	-5.27	-6.45	-4.15	-6.80	-5.75	-6.99	-7.81	-8.33	-4.92	-5.85	-5.43	-5.75	-4.46	-3.51	-5.22	-3.95	-3.86	-5.50	-5.11	-5.35	-4.43	-4.42	-4.97	-5.60	-5.63	-7.33	-7.59	-7.93	-8.17	-8.24	-7.78	-7.98	-8.23	-5.40	-8.22	-5.73	-5.61	-5.58	-4.21	-5.51	-4.68	-5.76	-9.81	-4.64	-4.09	-4.96	-8.17	-4.46	-8.11	-8.20	-8.19	-4.36	-4.25	-7.57	-4.97	-7.98	-5.03	-3.90	-4.41	-4.06	-4.64	
-8.48	-7.75	-8.04	-7.60	-7.25	-3.65	-8.14	-7.80	-7.88	-4.40	-7.85	-4.11	-3.98	-8.06	-3.98	-8.04	-7.96	-3.84	-3.56	-4.47	-8.31	-4.85	-4.08	-4.09	-7.80	-6.45	-4.25	-5.81	-4.13	-6.79	-5.75	-6.98	-7.79	-8.24	-4.91	-5.84	-5.37	-5.73	-4.40	-3.50	-5.22	-3.94	-3.83	-5.50	-5.09	-5.33	-4.39	-4.38	-4.97	-5.60	-5.61	-7.30	-7.58	-7.91	-8.12	-8.21	-7.59	-7.92	-8.21	-5.36	-8.20	-5.71	-5.58	-5.57	-4.19	-5.50	-4.66	-5.75	-9.80	-4.58	-4.07	-4.95	-8.16	-4.42	-8.02	-8.14	-8.15	-4.35	-4.25	-7.52	-4.96	-7.94	-4.88	-3.88	-4.37	-4.03	-4.63	
-8.39	-7.68	-8.02	-7.57	-7.25	-3.63	-8.11	-7.79	-7.85	-4.38	-7.73	-4.09	-3.95	-8.05	-3.96	-8.03	-7.94	-3.83	-3.55	-4.46	-8.27	-4.84	-4.07	-4.08	-7.73	-6.36	-4.23	-5.62	-4.13	-6.78	-5.75	-6.98	-7.78	-8.12	-4.87	-5.82	-5.35	-5.73	-4.38	-3.48	-5.19	-3.92	-3.83	-5.46	-5.09	-5.30	-4.36	-4.37	-4.95	-5.59	-5.60	-7.30	-7.54	-7.87	-8.04	-8.21	-7.51	-7.92	-8.06	-5.35	-8.13	-5.67	-5.58	-5.55	-4.19	-5.50	-4.66	-5.57	-9.76	-4.56	-4.05	-4.95	-8.12	-4.40	-8.02	-8.13	-8.13	-4.34	-4.25	-7.52	-4.89	-7.87	-4.83	-3.85	-4.34	-3.96	-4.60	
-8.38	-7.27	-7.99	-7.57	-7.24	-3.62	-8.07	-7.79	-7.85	-4.34	-7.67	-4.07	-3.92	-8.01	-3.96	-8.00	-7.80	-3.81	-3.55	-4.46	-8.25	-4.82	-4.06	-4.02	-7.68	-6.17	-4.21	-5.42	-4.11	-6.77	-5.73	-6.92	-7.76	-8.05	-4.84	-5.79	-5.34	-5.73	-4.35	-3.42	-5.17	-3.90	-3.82	-5.45	-5.06	-5.28	-4.36	-4.32	-4.93	-5.57	-5.57	-7.29	-7.53	-7.81	-7.95	-8.18	-5.92	-7.88	-8.04	-5.32	-8.11	-5.66	-5.56	-5.54	-4.17	-5.48	-4.64	-5.56	-9.76	-4.55	-4.04	-4.94	-8.10	-4.34	-7.99	-8.12	-8.08	-4.31	-4.25	-7.48	-4.88	-7.81	-4.82	-3.84	-4.34	-3.95	-4.60	
-8.36	-7.27	-7.96	-7.55	-7.24	-3.60	-8.02	-7.78	-7.85	-4.30	-7.63	-4.05	-3.91	-7.95	-3.94	-7.98	-7.76	-3.80	-3.54	-4.43	-8.16	-4.80	-4.03	-4.01	-7.63	-6.00	-4.15	-5.39	-4.08	-6.74	-5.69	-6.92	-7.67	-8.05	-4.84	-5.79	-5.31	-5.72	-4.35	-3.41	-5.16	-3.87	-3.77	-5.44	-5.04	-5.27	-4.36	-4.31	-4.92	-5.57	-5.57	-7.29	-7.52	-7.70	-7.92	-8.12	-5.27	-7.86	-8.03	-5.28	-8.10	-5.65	-5.49	-5.52	-4.13	-5.47	-4.63	-5.46	-9.73	-4.54	-4.02	-4.91	-8.09	-4.33	-7.98	-8.09	-8.06	-4.31	-4.25	-7.45	-4.88	-7.78	-4.79	-3.83	-4.33	-3.94	-4.60	
-8.30	-5.13	-7.96	-7.55	-7.23	-3.58	-8.01	-7.78	-7.84	-4.28	-7.61	-4.04	-3.85	-7.91	-3.93	-7.92	-7.76	-3.75	-3.54	-4.43	-8.10	-4.79	-4.03	-4.01	-7.59	-4.39	-4.14	-5.39	-4.07	-6.41	-5.67	-6.92	-7.44	-8.00	-4.79	-5.76	-5.30	-5.63	-4.30	-3.41	-5.15	-3.86	-3.74	-5.43	-5.02	-5.27	-4.35	-4.29	-4.91	-5.56	-5.57	-7.28	-7.52	-7.53	-7.91	-8.04	-5.13	-7.82	-8.01	-5.28	-8.06	-5.65	-5.45	-5.51	-4.13	-5.46	-4.63	-5.35	-9.70	-4.54	-4.01	-4.90	-8.09	-4.32	-7.90	-7.95	-8.04	-4.19	-4.24	-7.42	-4.85	-7.74	-4.71	-3.82	-4.31	-3.94	-4.58	
-8.16	-5.06	-7.91	-7.53	-7.23	-3.57	-8.01	-7.77	-7.82	-4.28	-7.23	-4.01	-3.82	-7.87	-3.92	-7.85	-7.72	-3.73	-3.54	-4.42	-8.07	-4.78	-4.02	-4.00	-7.58	-4.30	-4.12	-5.36	-4.06	-6.30	-5.65	-6.91	-7.27	-7.95	-4.77	-5.75	-5.29	-5.62	-4.27	-3.37	-5.11	-3.85	-3.73	-5.42	-5.02	-5.27	-4.32	-4.27	-4.85	-5.56	-5.55	-7.24	-7.50	-7.53	-7.88	-8.00	-5.12	-7.79	-7.94	-5.27	-8.01	-5.63	-5.43	-5.49	-4.12	-5.45	-4.53	-5.26	-9.56	-4.54	-4.00	-4.84	-8.09	-4.28	-7.88	-7.86	-8.03	-4.17	-4.22	-7.39	-4.83	-7.72	-4.68	-3.80	-4.30	-3.92	-4.57	
-8.11	-5.05	-7.91	-7.49	-7.23	-3.56	-7.98	-7.77	-7.81	-4.25	-7.00	-4.01	-3.81	-7.85	-3.92	-7.83	-7.70	-3.72	-3.54	-4.39	-8.06	-4.73	-4.00	-3.90	-7.52	-4.29	-4.12	-5.35	-4.04	-6.24	-5.60	-6.91	-7.21	-7.94	-4.76	-5.73	-5.22	-5.58	-4.22	-3.33	-5.08	-3.84	-3.72	-5.42	-5.00	-5.24	-4.31	-4.25	-4.84	-5.55	-5.52	-7.21	-7.49	-7.51	-7.71	-8.00	-5.02	-7.78	-7.86	-5.27	-7.96	-5.60	-5.42	-5.47	-4.11	-5.45	-4.46	-5.23	-9.39	-4.54	-4.00	-4.81	-8.06	-4.27	-7.85	-7.75	-8.01	-4.16	-4.21	-7.39	-4.83	-7.70	-4.67	-3.78	-4.27	-3.92	-4.55	
-8.07	-5.00	-7.86	-7.32	-7.22	-3.56	-7.93	-7.75	-7.79	-4.21	-4.91	-4.00	-3.81	-7.70	-3.92	-7.81	-7.66	-3.72	-3.54	-4.38	-8.04	-4.71	-3.98	-3.86	-7.29	-4.23	-4.12	-5.33	-4.02	-6.24	-5.44	-6.90	-6.87	-7.83	-4.74	-5.70	-5.20	-5.58	-4.22	-3.32	-5.04	-3.84	-3.70	-5.41	-4.96	-5.22	-4.29	-4.18	-4.82	-5.54	-5.52	-7.21	-7.49	-7.48	-7.65	-7.96	-5.01	-7.76	-7.34	-5.26	-7.95	-5.58	-5.42	-5.47	-4.11	-5.43	-4.41	-5.22	-9.37	-4.54	-3.99	-4.78	-8.05	-4.26	-7.78	-7.66	-7.98	-4.11	-4.20	-7.36	-4.80	-7.56	-4.66	-3.77	-4.27	-3.91	-4.55	
-7.82	-4.92	-7.86	-7.27	-7.22	-3.55	-7.86	-7.73	-7.79	-4.21	-4.75	-3.98	-3.80	-7.66	-3.92	-7.78	-7.64	-3.68	-3.53	-4.35	-7.90	-4.71	-3.98	-3.85	-7.08	-4.22	-3.89	-5.32	-4.01	-6.23	-5.31	-6.90	-6.74	-7.82	-4.73	-5.61	-5.20	-5.58	-4.21	-3.29	-5.03	-3.83	-3.68	-5.39	-4.94	-5.19	-4.26	-4.17	-4.82	-5.53	-5.49	-7.17	-7.48	-7.38	-5.17	-7.93	-4.98	-7.74	-7.17	-5.26	-7.91	-5.56	-5.41	-5.46	-4.10	-5.42	-4.40	-5.21	-9.14	-4.52	-3.98	-4.75	-8.03	-4.25	-7.78	-7.58	-7.96	-4.11	-4.12	-7.32	-4.77	-7.55	-4.63	-3.75	-4.23	-3.90	-4.54	
-7.78	-4.80	-7.86	-7.18	-7.21	-3.53	-7.81	-7.71	-7.76	-4.21	-4.59	-3.98	-3.80	-7.66	-3.90	-7.77	-7.64	-3.65	-3.51	-4.34	-7.87	-4.67	-3.96	-3.84	-6.56	-3.95	-3.85	-5.30	-3.99	-6.19	-5.02	-6.89	-6.59	-7.80	-4.71	-5.61	-5.19	-5.56	-4.15	-3.28	-5.01	-3.82	-3.67	-5.38	-4.94	-5.17	-4.25	-4.17	-4.82	-5.52	-5.48	-7.15	-7.48	-7.32	-5.12	-7.91	-4.96	-7.68	-6.14	-5.25	-7.88	-5.54	-5.40	-5.42	-4.09	-5.42	-4.40	-5.21	-8.99	-4.52	-3.98	-4.75	-7.99	-4.24	-7.61	-7.45	-7.93	-4.09	-4.07	-7.31	-4.77	-7.33	-4.60	-3.75	-4.22	-3.89	-4.45	
-7.74	-4.79	-7.83	-7.08	-7.17	-3.53	-7.80	-7.69	-7.76	-4.20	-4.48	-3.97	-3.78	-7.59	-3.86	-7.76	-7.60	-3.65	-3.50	-4.30	-7.81	-4.60	-3.94	-3.84	-6.42	-3.94	-3.83	-5.22	-3.98	-6.17	-3.66	-6.88	-6.04	-7.78	-4.69	-5.59	-5.16	-5.54	-4.13	-3.26	-5.00	-3.80	-3.66	-5.36	-4.91	-5.17	-4.24	-4.16	-4.80	-5.49	-5.45	-7.14	-7.47	-7.10	-5.05	-7.89	-4.92	-7.67	-5.14	-5.24	-7.88	-5.52	-5.40	-5.41	-4.09	-5.37	-4.40	-5.20	-8.97	-4.52	-3.97	-4.75	-7.97	-4.23	-7.61	-7.21	-7.90	-4.05	-4.07	-7.30	-4.75	-7.33	-4.58	-3.73	-4.18	-3.80	-4.38	
-7.56	-4.75	-7.82	-7.08	-7.15	-3.52	-7.77	-7.68	-7.75	-4.11	-4.48	-3.96	-3.76	-7.52	-3.85	-7.75	-7.60	-3.65	-3.50	-4.28	-7.63	-4.60	-3.93	-3.84	-6.39	-3.73	-3.82	-5.20	-3.98	-6.06	-3.66	-6.87	-5.12	-7.78	-4.67	-5.57	-5.14	-5.54	-4.13	-3.21	-4.94	-3.80	-3.65	-5.35	-4.86	-5.16	-4.23	-4.14	-4.79	-5.48	-5.45	-7.14	-7.47	-6.47	-5.04	-7.83	-4.92	-7.67	-5.14	-5.24	-7.87	-5.50	-5.38	-5.41	-4.08	-5.37	-4.39	-5.19	-8.84	-4.51	-3.95	-4.74	-7.81	-4.20	-7.58	-6.96	-7.88	-4.04	-4.06	-7.30	-4.74	-7.31	-4.57	-3.71	-4.15	-3.76	-4.37	
-5.14	-4.75	-7.81	-7.04	-7.14	-3.51	-7.69	-7.65	-7.75	-4.06	-4.47	-3.95	-3.74	-7.44	-3.83	-7.75	-7.56	-3.57	-3.48	-4.27	-7.53	-4.59	-3.92	-3.84	-4.76	-3.66	-3.81	-5.20	-3.96	-6.06	-3.64	-6.87	-5.11	-7.71	-4.66	-5.55	-5.14	-5.52	-4.05	-3.21	-4.92	-3.78	-3.63	-5.30	-4.86	-5.16	-4.20	-4.14	-4.79	-5.48	-5.44	-7.13	-7.45	-6.44	-5.02	-7.82	-4.90	-7.67	-5.06	-5.22	-7.86	-5.50	-5.37	-5.39	-4.06	-5.37	-4.39	-5.19	-7.72	-4.51	-3.93	-4.74	-7.65	-4.15	-7.57	-5.19	-7.86	-3.96	-4.06	-7.30	-4.74	-7.15	-4.55	-3.71	-4.12	-3.70	-4.33	
-5.05	-4.68	-7.81	-7.04	-7.13	-3.50	-7.64	-7.64	-7.71	-4.05	-4.45	-3.89	-3.74	-7.37	-3.83	-7.73	-7.52	-3.53	-3.47	-4.25	-5.18	-4.54	-3.92	-3.81	-4.72	-3.60	-3.77	-5.20	-3.95	-6.05	-3.63	-6.86	-4.72	-7.70	-4.64	-5.55	-5.13	-5.52	-4.02	-3.18	-4.89	-3.71	-3.59	-5.29	-4.85	-5.16	-4.20	-4.13	-4.78	-5.47	-5.43	-7.06	-7.38	-5.12	-5.02	-7.71	-4.83	-7.54	-4.91	-5.21	-7.83	-5.41	-5.36	-5.39	-4.05	-5.32	-4.38	-5.19	-5.81	-4.50	-3.90	-4.73	-7.64	-4.06	-7.52	-4.96	-7.85	-3.95	-4.06	-7.29	-4.74	-4.93	-4.54	-3.69	-4.11	-3.70	-4.31	
-5.04	-4.64	-7.81	-7.03	-7.12	-3.49	-7.54	-7.62	-7.68	-4.05	-4.44	-3.88	-3.74	-7.27	-3.81	-7.71	-7.43	-3.51	-3.43	-4.24	-5.13	-4.53	-3.91	-3.70	-4.71	-3.57	-3.76	-5.17	-3.94	-6.04	-3.62	-6.86	-4.69	-7.67	-4.64	-5.55	-5.11	-5.52	-4.01	-3.17	-4.88	-3.70	-3.53	-5.28	-4.84	-5.13	-4.17	-4.12	-4.77	-5.46	-5.41	-7.00	-7.38	-4.89	-4.96	-7.67	-4.80	-7.50	-4.86	-5.20	-7.81	-5.38	-5.35	-5.39	-4.05	-5.31	-4.37	-5.18	-5.76	-4.50	-3.89	-4.72	-7.58	-4.04	-7.48	-4.92	-7.85	-3.93	-4.06	-7.27	-4.72	-4.89	-4.52	-3.68	-4.09	-3.67	-4.04	
-5.00	-4.62	-7.77	-7.02	-7.07	-3.45	-7.38	-7.58	-7.67	-4.04	-4.43	-3.87	-3.72	-6.89	-3.79	-7.55	-7.39	-3.47	-3.42	-4.23	-5.10	-4.52	-3.89	-3.52	-4.71	-3.51	-3.73	-5.16	-3.92	-5.95	-3.61	-6.85	-4.67	-7.64	-4.64	-5.54	-5.11	-5.51	-3.99	-3.10	-4.87	-3.69	-3.51	-5.28	-4.84	-5.11	-4.15	-4.11	-4.71	-5.46	-5.40	-6.98	-7.37	-4.84	-4.96	-7.59	-4.77	-7.50	-4.84	-5.19	-7.80	-5.37	-5.35	-5.37	-4.01	-5.29	-4.36	-5.17	-5.72	-4.49	-3.87	-4.68	-7.49	-3.95	-7.47	-4.87	-7.84	-3.92	-4.04	-7.27	-4.70	-4.84	-4.46	-3.67	-4.08	-3.65	-3.97	
-4.99	-4.58	-7.76	-6.97	-7.01	-3.45	-6.92	-7.58	-7.66	-4.03	-4.38	-3.87	-3.72	-4.86	-3.79	-7.52	-7.38	-3.43	-3.41	-4.19	-5.10	-4.50	-3.85	-3.51	-4.68	-3.50	-3.72	-5.13	-3.91	-5.77	-3.61	-6.76	-4.65	-7.62	-4.62	-5.54	-5.10	-5.50	-3.96	-3.08	-4.82	-3.67	-3.49	-5.26	-4.81	-5.10	-4.15	-4.11	-4.68	-5.46	-5.39	-6.98	-7.36	-4.82	-4.93	-5.13	-4.77	-7.38	-4.78	-5.19	-7.69	-5.33	-5.34	-5.35	-4.00	-5.26	-4.36	-5.15	-5.64	-4.49	-3.83	-4.67	-7.42	-3.94	-7.47	-4.85	-7.73	-3.92	-4.00	-7.26	-4.70	-4.78	-4.43	-3.67	-4.08	-3.57	-3.89	
-4.98	-4.53	-7.71	-6.90	-6.98	-3.43	-5.44	-7.56	-7.61	-4.03	-4.34	-3.85	-3.70	-4.77	-3.73	-7.37	-7.29	-3.42	-3.40	-4.19	-5.08	-4.48	-3.84	-3.51	-4.63	-3.49	-3.70	-5.10	-3.91	-3.95	-3.60	-6.76	-4.63	-7.60	-4.62	-5.51	-5.07	-5.47	-3.94	-3.07	-4.82	-3.66	-3.45	-5.26	-4.80	-5.09	-4.15	-4.11	-4.68	-5.44	-5.38	-6.97	-7.35	-4.65	-4.91	-5.12	-4.75	-7.37	-4.71	-5.18	-7.68	-5.32	-5.32	-5.34	-3.98	-5.24	-4.33	-5.14	-5.60	-4.47	-3.83	-4.67	-7.34	-3.88	-7.39	-4.84	-7.68	-3.89	-3.97	-7.26	-4.70	-4.72	-4.43	-3.66	-4.04	-3.56	-3.89	
-4.98	-4.50	-7.39	-6.85	-6.98	-3.40	-4.92	-7.56	-7.57	-4.02	-4.34	-3.84	-3.69	-4.73	-3.73	-7.04	-7.29	-3.38	-3.40	-4.17	-5.08	-4.48	-3.79	-3.45	-4.60	-3.49	-3.69	-5.08	-3.90	-3.95	-3.59	-6.76	-4.60	-7.60	-4.61	-5.51	-5.06	-5.43	-3.93	-3.07	-4.80	-3.61	-3.45	-5.25	-4.79	-5.09	-4.15	-4.11	-4.67	-5.43	-5.34	-6.96	-7.35	-4.62	-4.90	-5.05	-4.72	-7.36	-4.69	-5.17	-7.68	-5.30	-5.19	-5.34	-3.98	-5.20	-4.32	-5.11	-5.59	-4.47	-3.82	-4.66	-7.30	-3.87	-7.32	-4.84	-7.59	-3.89	-3.96	-7.21	-4.69	-4.65	-4.39	-3.63	-4.04	-3.56	-3.85	
-4.96	-4.50	-7.35	-6.81	-6.97	-3.40	-4.89	-7.51	-7.56	-4.01	-4.30	-3.82	-3.64	-4.71	-3.72	-6.18	-7.25	-3.37	-3.40	-4.15	-4.88	-4.44	-3.77	-3.43	-4.58	-3.45	-3.68	-5.01	-3.87	-3.94	-3.53	-6.67	-4.58	-7.57	-4.60	-5.50	-5.03	-5.41	-3.91	-3.03	-4.79	-3.55	-3.43	-5.25	-4.79	-5.08	-4.14	-4.10	-4.65	-5.42	-5.28	-6.94	-7.35	-4.62	-4.89	-5.04	-4.69	-7.28	-4.67	-5.17	-7.67	-5.30	-5.19	-5.29	-3.97	-5.18	-4.32	-5.09	-5.58	-4.47	-3.82	-4.64	-7.21	-3.87	-7.30	-4.83	-7.57	-3.89	-3.96	-7.20	-4.67	-4.62	-4.39	-3.63	-4.02	-3.55	-3.77	
-4.96	-4.50	-7.30	-6.79	-6.94	-3.38	-4.84	-7.45	-7.53	-4.01	-4.30	-3.81	-3.64	-4.70	-3.69	-4.86	-6.85	-3.36	-3.37	-4.15	-4.87	-4.37	-3.77	-3.41	-4.57	-3.43	-3.67	-4.99	-3.82	-3.93	-3.52	-6.66	-4.53	-7.56	-4.58	-5.48	-5.00	-5.37	-3.84	-3.00	-4.77	-3.55	-3.43	-5.23	-4.79	-5.07	-4.14	-4.09	-4.64	-5.40	-5.24	-6.92	-7.34	-4.61	-4.84	-5.04	-4.69	-7.04	-4.67	-5.16	-7.66	-5.30	-5.18	-5.26	-3.92	-5.18	-4.28	-5.09	-5.54	-4.47	-3.82	-4.63	-7.00	-3.85	-7.23	-4.83	-7.56	-3.87	-3.94	-7.18	-4.66	-4.61	-4.37	-3.57	-4.01	-3.54	-3.75	
-4.92	-4.48	-7.21	-6.52	-6.92	-3.38	-4.73	-7.40	-7.52	-3.98	-4.26	-3.78	-3.64	-4.67	-3.68	-4.62	-4.93	-3.32	-3.35	-4.11	-4.81	-4.36	-3.76	-3.39	-4.55	-3.39	-3.65	-4.98	-3.78	-3.92	-3.52	-6.61	-4.51	-7.56	-4.57	-5.44	-4.99	-5.34	-3.82	-2.97	-4.74	-3.53	-3.39	-5.23	-4.74	-5.05	-4.12	-4.09	-4.63	-5.39	-5.23	-6.85	-7.34	-4.57	-4.83	-5.02	-4.66	-6.90	-4.63	-5.16	-7.55	-5.30	-5.17	-5.24	-3.92	-5.16	-4.28	-5.09	-5.53	-4.46	-3.80	-4.63	-6.91	-3.83	-7.08	-4.83	-7.54	-3.87	-3.92	-7.17	-4.64	-4.58	-4.37	-3.55	-3.92	-3.54	-3.74	
-4.87	-4.46	-4.81	-4.58	-6.91	-3.37	-4.70	-7.37	-7.48	-3.98	-4.26	-3.76	-3.60	-4.65	-3.66	-4.55	-4.90	-3.30	-3.35	-4.11	-4.81	-4.36	-3.74	-3.34	-4.55	-3.29	-3.61	-4.97	-3.78	-3.88	-3.50	-6.56	-4.49	-7.53	-4.56	-5.43	-4.99	-5.32	-3.81	-2.92	-4.70	-3.51	-3.38	-5.19	-4.73	-5.04	-4.11	-4.04	-4.59	-5.37	-5.23	-6.85	-7.32	-4.56	-4.80	-5.01	-4.66	-5.63	-4.59	-5.15	-7.49	-5.29	-5.15	-5.21	-3.90	-5.15	-4.25	-5.07	-5.51	-4.46	-3.80	-4.61	-4.71	-3.80	-6.94	-4.81	-7.49	-3.86	-3.89	-7.17	-4.64	-4.54	-4.36	-3.54	-3.87	-3.53	-3.70	
-4.86	-4.45	-4.80	-4.37	-6.85	-3.37	-4.67	-7.36	-7.44	-3.97	-4.24	-3.75	-3.60	-4.64	-3.64	-4.52	-4.84	-3.29	-3.34	-4.11	-4.80	-4.31	-3.71	-3.34	-4.54	-3.28	-3.58	-4.96	-3.78	-3.82	-3.48	-6.54	-4.47	-7.50	-4.55	-5.38	-4.99	-5.28	-3.80	-2.90	-4.67	-3.49	-3.38	-5.15	-4.70	-5.01	-4.09	-3.99	-4.57	-5.37	-5.21	-6.80	-7.32	-4.53	-4.79	-4.99	-4.64	-4.74	-4.58	-5.12	-7.44	-5.28	-5.11	-5.17	-3.90	-5.13	-4.25	-5.06	-5.48	-4.45	-3.79	-4.61	-4.57	-3.75	-4.87	-4.78	-7.42	-3.86	-3.89	-7.14	-4.63	-4.47	-4.35	-3.49	-3.83	-3.52	-3.69	
-4.86	-4.45	-4.67	-4.31	-6.82	-3.37	-4.65	-7.24	-7.29	-3.92	-4.22	-3.71	-3.58	-4.55	-3.63	-4.29	-4.62	-3.29	-3.32	-4.10	-4.79	-4.26	-3.68	-3.31	-4.51	-3.28	-3.57	-4.92	-3.74	-3.78	-3.48	-6.52	-4.43	-7.48	-4.51	-5.37	-4.98	-5.23	-3.76	-2.87	-4.66	-3.45	-3.23	-5.14	-4.67	-5.00	-4.06	-3.98	-4.52	-5.32	-5.17	-6.77	-7.31	-4.48	-4.76	-4.99	-4.63	-4.55	-4.55	-5.11	-7.41	-5.24	-5.06	-5.11	-3.84	-5.12	-4.06	-5.04	-5.47	-4.44	-3.78	-4.59	-4.56	-3.70	-4.74	-4.78	-7.35	-3.85	-3.89	-7.12	-4.62	-4.38	-4.34	-3.48	-3.81	-3.47	-3.64	
-4.80	-4.44	-4.66	-4.23	-6.80	-3.35	-4.58	-7.12	-7.11	-3.88	-4.21	-3.69	-3.57	-4.54	-3.60	-4.27	-4.61	-3.28	-3.28	-4.10	-4.73	-4.26	-3.67	-3.30	-4.42	-3.25	-3.57	-4.92	-3.70	-3.77	-3.46	-6.49	-4.40	-7.48	-4.49	-5.36	-4.97	-5.20	-3.75	-2.87	-4.66	-3.36	-3.18	-5.10	-4.63	-5.00	-4.04	-3.94	-4.48	-5.32	-5.16	-6.76	-7.30	-4.41	-4.72	-4.98	-4.62	-4.47	-4.54	-5.11	-7.38	-5.21	-5.04	-5.10	-3.83	-5.08	-4.06	-4.99	-5.46	-4.44	-3.76	-4.59	-4.49	-3.70	-4.66	-4.74	-7.32	-3.85	-3.75	-6.97	-4.59	-4.36	-4.29	-3.46	-3.81	-3.46	-3.64	
-4.78	-4.41	-4.65	-4.23	-6.78	-3.32	-4.56	-4.92	-7.09	-3.87	-4.15	-3.68	-3.55	-4.51	-3.60	-4.27	-4.61	-3.25	-3.21	-4.06	-4.70	-4.24	-3.67	-3.26	-4.37	-3.24	-3.46	-4.92	-3.65	-3.77	-3.41	-6.40	-4.33	-4.47	-4.47	-5.35	-4.94	-5.18	-3.74	-2.69	-4.62	-3.36	-3.15	-5.08	-4.61	-4.98	-4.03	-3.90	-4.47	-5.31	-5.16	-6.69	-7.28	-4.36	-4.69	-4.94	-4.59	-4.42	-4.54	-5.11	-7.28	-5.20	-5.03	-5.06	-3.80	-5.03	-4.00	-4.96	-5.45	-4.43	-3.75	-4.55	-4.39	-3.68	-4.62	-4.67	-7.26	-3.85	-3.65	-6.88	-4.58	-4.35	-4.26	-3.44	-3.78	-3.45	-3.60	
-4.74	-4.40	-4.64	-3.98	-6.76	-3.32	-4.50	-4.47	-4.48	-3.87	-4.12	-3.68	-3.50	-4.50	-3.57	-4.17	-4.56	-3.25	-3.18	-4.04	-4.70	-4.20	-3.67	-3.23	-4.34	-3.24	-3.42	-4.90	-3.62	-3.75	-3.38	-6.34	-4.31	-4.44	-4.47	-5.19	-4.92	-5.03	-3.66	-2.61	-4.61	-3.33	-3.11	-5.07	-4.60	-4.96	-3.98	-3.90	-4.44	-5.30	-5.12	-6.65	-7.28	-4.36	-4.61	-4.94	-4.57	-4.39	-4.49	-5.08	-7.23	-5.19	-4.96	-4.99	-3.75	-4.97	-3.96	-4.93	-5.43	-4.41	-3.72	-4.52	-4.38	-3.61	-4.49	-4.65	-7.22	-3.84	-3.53	-6.82	-4.54	-4.35	-4.25	-3.42	-3.75	-3.43	-3.59	
-4.74	-4.39	-4.61	-3.92	-6.58	-3.32	-4.43	-4.24	-4.45	-3.83	-4.08	-3.67	-3.42	-4.46	-3.56	-4.16	-4.49	-3.24	-3.13	-3.94	-4.69	-4.14	-3.63	-3.23	-4.25	-3.22	-3.39	-4.88	-3.62	-3.72	-3.38	-6.29	-4.31	-4.44	-4.40	-5.16	-4.92	-4.86	-3.65	-2.60	-4.58	-3.30	-3.05	-5.00	-4.58	-4.94	-3.96	-3.84	-4.40	-5.28	-4.97	-6.62	-7.26	-4.28	-4.61	-4.92	-4.55	-4.38	-4.47	-4.99	-7.20	-5.11	-4.91	-4.96	-3.70	-4.96	-3.96	-4.89	-5.38	-4.36	-3.67	-4.50	-4.33	-3.61	-4.46	-4.60	-7.18	-3.80	-3.52	-6.81	-4.49	-4.34	-4.24	-3.42	-3.71	-3.40	-3.58	
-4.71	-4.33	-4.53	-3.91	-6.58	-3.31	-4.39	-4.23	-4.33	-3.82	-4.08	-3.61	-3.37	-4.46	-3.56	-4.10	-4.42	-3.24	-3.11	-3.92	-4.54	-4.12	-3.63	-3.22	-4.21	-3.19	-3.37	-4.84	-3.56	-3.60	-3.15	-4.20	-4.26	-4.35	-4.37	-5.14	-4.87	-4.81	-3.62	-2.58	-4.56	-3.24	-3.05	-4.81	-4.44	-4.89	-3.94	-3.83	-4.38	-5.27	-4.90	-6.60	-7.22	-4.26	-4.56	-4.85	-4.53	-4.38	-4.44	-4.95	-7.15	-5.06	-4.84	-4.86	-3.67	-4.94	-3.95	-4.86	-5.37	-4.35	-3.66	-4.48	-4.31	-3.61	-4.41	-4.60	-4.34	-3.79	-3.39	-5.43	-4.48	-4.29	-4.24	-3.41	-3.66	-3.36	-3.56	
-4.53	-4.23	-4.51	-3.88	-6.52	-3.15	-4.35	-4.16	-4.27	-3.80	-4.06	-3.61	-3.36	-4.44	-3.55	-4.03	-4.35	-3.17	-3.10	-3.91	-4.51	-4.12	-3.60	-3.17	-4.19	-3.04	-3.35	-4.84	-3.56	-3.31	-3.09	-3.96	-4.24	-4.31	-4.33	-5.14	-4.86	-4.68	-3.51	-2.57	-4.41	-3.22	-3.02	-4.67	-4.37	-4.88	-3.93	-3.80	-4.31	-5.22	-4.84	-6.49	-4.31	-4.25	-4.54	-4.76	-4.52	-4.31	-4.37	-4.91	-7.07	-5.02	-4.83	-4.79	-3.65	-4.90	-3.94	-4.84	-5.37	-4.29	-3.65	-4.42	-4.05	-3.60	-4.41	-4.41	-4.32	-3.71	-3.35	-4.12	-4.47	-4.19	-4.20	-3.37	-3.60	-3.34	-3.49	
-4.36	-4.16	-4.46	-3.85	-6.06	-3.11	-4.34	-3.96	-4.27	-3.66	-4.05	-3.46	-3.29	-4.43	-3.36	-3.97	-4.17	-3.12	-3.07	-3.87	-4.40	-4.06	-3.41	-3.15	-4.17	-2.88	-3.27	-4.69	-3.43	-3.29	-2.91	-3.77	-4.21	-4.24	-3.97	-4.98	-4.85	-4.64	-3.35	-2.54	-4.39	-3.18	-2.99	-4.12	-4.29	-4.85	-3.66	-3.77	-4.31	-5.06	-4.63	-6.48	-4.23	-4.16	-4.40	-4.64	-4.52	-4.18	-4.29	-4.78	-6.95	-4.95	-4.79	-4.73	-3.63	-4.87	-3.94	-4.77	-5.28	-4.23	-3.59	-4.39	-3.97	-3.51	-4.18	-4.39	-4.14	-3.69	-3.35	-4.06	-4.44	-4.06	-4.14	-3.25	-3.50	-3.31	-3.41	
