#Tpac2Z73
LIG_001	LIG_002	LIG_003	LIG_004	LIG_005	LIG_006	LIG_007	LIG_008	LIG_009	LIG_010	LIG_011	LIG_012	LIG_013	LIG_014	LIG_015	LIG_016	LIG_017	LIG_018	LIG_019	LIG_020	LIG_021	LIG_022	LIG_023	LIG_024	LIG_025	LIG_026	LIG_027	LIG_028	LIG_029	LIG_030	LIG_031	LIG_032	LIG_033	LIG_034	LIG_035	LIG_036	LIG_037	LIG_038	LIG_039	LIG_040	LIG_041	LIG_042	LIG_043	LIG_044	LIG_045	LIG_046	LIG_047	LIG_048	LIG_049	LIG_050	LIG_051	LIG_052	LIG_053	LIG_054	LIG_055	LIG_056	LIG_057	LIG_058	LIG_059	LIG_060	LIG_061	LIG_062	LIG_063	LIG_064	LIG_065	LIG_066	LIG_067	LIG_068	LIG_069	LIG_070	LIG_071	LIG_072	LIG_073	LIG_074	LIG_075	LIG_076	LIG_077	LIG_078	LIG_079	LIG_080	LIG_081	LIG_082	LIG_083	LIG_084	LIG_085	LIG_086	LIG_087
-6.45	-9.79	-9.26	-9.22	-8.35	-10.95	-8.65	-8.40	-8.34	-9.60	-9.91	-10.60	-10.01	-10.19	-10.17	-10.00	-9.87	-9.22	-9.46	-9.95	-10.54	-9.57	-9.46	-9.60	-10.80	-9.56	-8.95	-11.40	-10.08	-7.71	-7.68	-7.98	-10.40	-8.87	-5.65	-6.82	-6.76	-7.27	-6.95	-5.98	-4.61	-6.14	-10.03	-5.71	-9.84	-11.19	-11.27	-9.69	-11.29	-11.14	-5.88	-6.14	-8.61	-10.68	-10.31	-10.15	-9.95	-10.24	-10.28	-11.73	-6.45	-6.46	-5.89	-6.61	-10.29	-6.55	-9.84	-10.81	-11.13	-10.93	-10.22	-9.92	-9.26	-9.07	-9.65	-8.75	-9.50	-8.53	-7.89	-8.69	-11.01	-10.36	-10.81	-9.92	-9.00	-9.54	-9.77	
-6.45	-9.79	-9.25	-9.19	-8.35	-10.92	-8.62	-8.39	-8.30	-9.60	-9.90	-10.44	-10.01	-10.15	-10.16	-10.00	-9.87	-9.15	-9.44	-9.90	-10.44	-9.49	-9.45	-9.33	-10.79	-9.55	-8.95	-11.40	-10.05	-7.70	-7.68	-7.97	-10.37	-8.87	-5.62	-6.61	-6.72	-7.22	-6.91	-5.68	-4.57	-5.99	-6.41	-5.59	-9.54	-11.17	-11.16	-9.44	-11.10	-10.85	-5.52	-6.05	-8.59	-10.63	-10.31	-10.12	-9.95	-10.23	-10.27	-11.63	-6.20	-6.36	-5.40	-6.49	-10.02	-6.49	-9.83	-10.80	-11.12	-10.92	-10.10	-9.65	-9.24	-9.05	-9.64	-8.41	-9.50	-8.52	-7.86	-8.69	-11.00	-10.35	-10.68	-9.80	-8.94	-9.40	-9.73	
-6.44	-9.78	-9.20	-9.17	-8.35	-10.87	-8.56	-8.37	-8.30	-9.59	-9.89	-10.32	-10.01	-10.06	-10.12	-9.99	-9.85	-9.09	-9.40	-9.34	-10.38	-9.42	-9.45	-9.30	-10.77	-9.54	-8.92	-11.25	-9.99	-7.69	-7.68	-7.95	-10.36	-8.86	-5.48	-6.57	-6.69	-7.17	-6.53	-5.44	-4.53	-5.94	-6.13	-5.57	-9.10	-10.98	-10.86	-9.26	-10.22	-10.75	-5.37	-5.96	-8.58	-10.62	-10.30	-10.10	-9.93	-10.21	-10.23	-11.62	-6.19	-6.32	-5.29	-6.48	-9.97	-6.48	-9.80	-10.74	-11.10	-10.92	-10.01	-9.55	-9.23	-9.04	-9.63	-8.15	-9.50	-8.52	-7.85	-8.69	-10.91	-10.29	-10.54	-9.80	-8.90	-9.28	-9.68	
-6.43	-9.78	-9.17	-9.16	-8.35	-10.87	-8.43	-8.33	-8.29	-9.57	-9.88	-10.21	-10.00	-10.06	-10.11	-9.98	-9.85	-8.94	-9.38	-9.33	-10.29	-9.41	-9.38	-9.26	-10.76	-9.49	-8.89	-11.14	-9.65	-7.69	-7.68	-7.95	-10.35	-8.86	-5.39	-6.43	-6.61	-7.14	-6.37	-5.31	-4.51	-5.93	-5.99	-5.42	-7.76	-10.96	-10.82	-9.04	-9.50	-10.73	-5.35	-5.92	-8.56	-10.59	-10.20	-10.09	-9.92	-10.21	-10.22	-11.59	-6.14	-6.32	-5.27	-6.39	-9.96	-6.41	-9.79	-10.08	-11.10	-10.92	-9.90	-9.36	-9.21	-9.03	-9.63	-6.42	-9.49	-8.52	-7.82	-8.69	-10.84	-10.19	-10.54	-9.77	-8.90	-9.23	-9.65	
-6.42	-9.77	-9.17	-9.15	-8.35	-10.86	-8.27	-8.32	-8.29	-9.52	-9.86	-10.20	-9.98	-10.02	-10.11	-9.98	-9.83	-8.86	-9.31	-9.18	-10.24	-9.36	-9.37	-9.25	-10.75	-9.47	-8.86	-10.97	-9.57	-7.69	-7.68	-7.94	-10.34	-8.84	-5.39	-6.28	-6.60	-7.08	-6.32	-5.30	-4.51	-5.90	-5.98	-5.30	-7.49	-10.84	-10.57	-8.94	-9.46	-10.49	-5.32	-5.84	-8.53	-10.59	-10.19	-10.09	-9.87	-10.21	-10.22	-11.57	-5.98	-6.31	-5.18	-6.29	-9.70	-6.41	-9.78	-10.08	-11.10	-10.91	-9.81	-8.57	-9.21	-9.00	-9.62	-6.41	-9.49	-8.52	-7.81	-8.68	-10.79	-10.12	-10.53	-9.69	-8.88	-9.19	-9.62	
-6.41	-9.77	-9.16	-9.15	-8.35	-10.81	-8.25	-8.30	-8.26	-9.52	-9.86	-10.19	-9.98	-10.02	-10.10	-9.98	-9.82	-8.86	-9.30	-9.10	-10.23	-9.34	-9.32	-9.14	-10.75	-9.44	-8.84	-10.63	-9.54	-7.68	-7.67	-7.93	-10.33	-8.83	-5.36	-6.26	-6.57	-6.98	-6.31	-5.20	-4.45	-5.85	-5.94	-5.05	-6.19	-10.82	-10.38	-8.75	-8.87	-10.38	-5.28	-5.79	-8.53	-10.58	-10.16	-10.08	-9.83	-10.19	-10.20	-11.57	-5.90	-6.30	-5.08	-6.20	-9.31	-6.36	-9.63	-10.04	-11.06	-10.91	-9.75	-8.40	-9.20	-9.00	-9.62	-6.39	-9.49	-8.52	-7.79	-8.68	-10.76	-10.10	-10.28	-9.44	-8.86	-9.17	-9.61	
-6.39	-9.77	-9.14	-9.14	-8.35	-10.78	-8.25	-8.28	-8.25	-9.50	-9.84	-10.12	-9.97	-9.98	-10.10	-9.97	-9.81	-8.85	-9.30	-9.08	-10.23	-9.28	-9.27	-9.14	-10.73	-9.43	-8.83	-10.58	-9.42	-7.67	-7.66	-7.91	-10.33	-8.82	-5.31	-6.24	-6.49	-6.98	-6.17	-5.18	-4.37	-5.77	-5.86	-5.04	-6.07	-10.77	-10.31	-8.46	-8.67	-10.12	-5.26	-5.76	-8.53	-10.56	-10.15	-10.06	-9.82	-10.19	-10.20	-11.55	-5.77	-6.30	-5.07	-6.11	-8.67	-6.35	-9.58	-9.86	-11.05	-10.91	-9.66	-8.14	-9.19	-8.98	-9.62	-6.39	-9.49	-8.52	-7.77	-8.68	-10.75	-10.06	-10.27	-9.33	-8.85	-9.17	-9.61	
-6.38	-9.76	-9.13	-9.14	-8.35	-10.75	-8.22	-8.28	-8.25	-9.47	-9.84	-10.08	-9.97	-9.96	-10.10	-9.97	-9.81	-8.54	-9.29	-8.97	-10.23	-9.25	-9.27	-9.09	-10.70	-9.17	-8.81	-10.57	-9.40	-7.66	-7.66	-7.90	-10.32	-8.82	-5.31	-6.20	-6.49	-6.92	-6.08	-5.10	-4.31	-5.75	-5.85	-5.02	-6.05	-10.70	-10.28	-8.46	-8.38	-9.60	-5.22	-5.70	-8.52	-10.55	-10.14	-10.04	-9.82	-10.19	-10.19	-11.41	-5.58	-6.26	-5.07	-6.03	-8.61	-6.34	-9.55	-9.68	-11.05	-10.90	-9.65	-8.00	-9.19	-8.98	-9.62	-6.36	-9.48	-8.52	-7.75	-8.68	-10.73	-10.04	-10.25	-9.26	-8.85	-9.17	-9.60	
-6.37	-9.76	-9.11	-9.13	-8.35	-10.75	-8.18	-8.24	-8.22	-9.46	-9.82	-10.03	-9.97	-9.94	-10.04	-9.96	-9.80	-8.41	-9.27	-8.93	-10.22	-9.23	-9.25	-9.09	-10.70	-9.04	-8.79	-10.55	-9.38	-7.66	-7.65	-7.90	-10.31	-8.81	-5.28	-6.17	-6.45	-6.72	-5.97	-5.05	-4.13	-5.74	-5.73	-4.93	-6.03	-10.65	-7.64	-8.12	-8.11	-9.59	-5.21	-5.68	-8.52	-10.55	-10.13	-10.03	-9.81	-10.18	-10.19	-11.40	-5.53	-6.22	-5.07	-6.02	-8.50	-6.32	-9.47	-9.60	-11.01	-10.90	-9.63	-7.53	-9.19	-8.98	-9.62	-6.36	-9.48	-8.51	-7.75	-8.68	-10.67	-10.03	-10.17	-9.25	-8.84	-9.17	-9.59	
-6.37	-9.76	-9.11	-9.13	-8.34	-10.72	-8.17	-8.20	-8.19	-9.42	-9.81	-10.00	-9.97	-9.93	-9.99	-9.96	-9.79	-8.38	-9.23	-8.85	-10.18	-9.21	-9.25	-9.06	-10.67	-8.99	-8.79	-10.53	-9.36	-7.65	-7.64	-7.90	-10.31	-8.80	-5.27	-6.17	-6.45	-6.61	-5.96	-5.04	-4.12	-5.69	-5.72	-4.79	-6.02	-10.56	-7.44	-7.25	-7.83	-9.53	-5.06	-5.68	-8.52	-10.55	-10.13	-10.03	-9.81	-10.18	-10.19	-11.38	-5.45	-6.21	-5.06	-5.96	-8.43	-6.31	-9.19	-9.59	-10.96	-10.89	-9.61	-7.13	-9.19	-8.97	-9.62	-6.35	-9.47	-8.51	-7.75	-8.68	-9.35	-10.02	-10.15	-9.24	-8.78	-9.17	-9.58	
-6.34	-9.76	-9.11	-9.11	-8.34	-10.72	-8.13	-8.16	-8.15	-9.39	-9.78	-10.00	-9.96	-9.85	-9.85	-9.96	-9.78	-8.16	-9.12	-8.76	-10.17	-9.21	-9.24	-9.01	-10.63	-8.98	-8.75	-10.52	-9.34	-7.64	-7.64	-7.89	-10.31	-8.80	-5.18	-6.04	-6.37	-6.58	-5.92	-5.02	-3.99	-5.69	-5.69	-4.68	-6.00	-10.35	-7.00	-6.25	-7.80	-9.32	-5.01	-5.66	-8.51	-10.52	-10.12	-10.01	-9.80	-10.18	-10.19	-11.37	-5.43	-6.21	-5.01	-5.95	-8.38	-6.31	-8.88	-9.58	-10.95	-10.88	-9.56	-6.28	-9.19	-8.96	-9.62	-6.35	-9.47	-8.50	-7.75	-8.68	-9.32	-10.01	-10.13	-9.23	-8.73	-9.16	-9.56	
-6.34	-9.76	-9.07	-9.11	-8.34	-10.64	-8.13	-8.15	-8.12	-9.36	-9.73	-9.99	-9.96	-9.81	-9.77	-9.95	-9.77	-8.10	-9.10	-8.69	-10.10	-9.21	-9.22	-8.92	-10.63	-8.97	-8.74	-10.48	-9.02	-7.63	-7.63	-7.89	-10.30	-8.80	-5.17	-6.01	-6.33	-6.54	-5.92	-4.93	-3.90	-5.65	-5.65	-4.61	-5.84	-10.12	-6.55	-6.06	-7.50	-9.27	-4.98	-5.64	-8.51	-10.52	-10.11	-10.00	-9.80	-10.18	-10.18	-11.36	-5.43	-6.20	-4.89	-5.93	-8.34	-6.29	-8.83	-9.46	-10.93	-10.87	-9.55	-6.27	-9.19	-8.96	-9.62	-6.35	-9.46	-8.50	-7.75	-8.67	-9.31	-9.98	-9.98	-9.22	-8.60	-9.16	-9.52	
-6.33	-9.76	-9.05	-9.10	-8.34	-10.60	-8.12	-8.12	-8.10	-9.35	-9.72	-9.92	-9.96	-9.79	-9.28	-9.95	-9.77	-7.80	-9.01	-8.67	-10.08	-9.13	-9.22	-8.91	-10.60	-8.93	-8.72	-10.47	-8.96	-7.62	-7.62	-7.89	-10.29	-8.79	-5.16	-5.99	-6.33	-6.48	-5.81	-4.89	-3.78	-5.54	-5.60	-4.56	-5.84	-9.72	-6.31	-6.03	-7.44	-8.78	-4.97	-5.60	-8.50	-10.51	-10.11	-10.00	-9.79	-10.18	-10.18	-11.31	-5.39	-6.20	-4.87	-5.89	-5.27	-6.29	-8.80	-9.40	-10.91	-10.87	-9.52	-6.17	-9.19	-8.95	-9.62	-6.34	-9.46	-8.50	-7.74	-8.67	-8.45	-9.97	-9.94	-9.20	-8.58	-9.16	-9.47	
-6.32	-9.76	-9.05	-9.10	-8.34	-10.51	-8.08	-8.11	-8.09	-9.31	-9.69	-9.82	-9.95	-9.79	-9.27	-9.94	-9.76	-7.75	-8.87	-8.51	-10.05	-9.06	-9.20	-8.84	-10.59	-8.93	-8.72	-10.45	-8.93	-7.61	-7.56	-7.87	-10.29	-8.79	-5.11	-5.91	-6.28	-6.46	-5.80	-4.85	-3.76	-5.49	-5.59	-4.55	-5.80	-9.43	-6.25	-5.87	-7.34	-8.69	-4.95	-5.58	-8.50	-10.50	-10.09	-10.00	-9.79	-10.17	-10.17	-11.29	-5.37	-6.19	-4.86	-5.89	-5.19	-6.27	-8.76	-9.31	-10.89	-10.84	-9.43	-6.15	-9.18	-8.95	-9.61	-6.33	-9.46	-8.49	-7.74	-8.66	-8.15	-9.94	-9.63	-9.14	-8.57	-9.16	-9.46	
-6.32	-9.74	-9.05	-9.10	-8.34	-10.51	-8.07	-8.09	-8.07	-9.15	-9.69	-9.78	-9.94	-9.78	-8.96	-9.91	-9.76	-7.70	-8.84	-8.50	-10.05	-9.04	-9.16	-8.83	-10.59	-8.91	-8.71	-10.41	-8.91	-7.54	-7.56	-7.86	-10.28	-8.78	-5.10	-5.88	-6.22	-6.39	-5.78	-4.85	-3.76	-5.42	-5.55	-4.50	-5.80	-9.32	-6.16	-5.83	-7.09	-8.24	-4.95	-5.55	-8.50	-10.49	-10.08	-10.00	-9.79	-10.17	-10.16	-11.22	-5.35	-6.17	-4.77	-5.88	-5.17	-6.23	-8.74	-9.29	-10.89	-9.99	-9.41	-6.13	-9.18	-8.93	-9.61	-6.33	-9.45	-8.48	-7.74	-8.66	-6.99	-9.91	-9.59	-9.12	-8.46	-9.16	-9.44	
-6.32	-9.73	-9.05	-9.10	-8.34	-10.49	-8.03	-8.08	-8.05	-9.01	-9.65	-9.76	-9.93	-9.74	-8.65	-9.91	-9.75	-7.43	-8.73	-8.16	-10.03	-8.96	-9.14	-8.79	-10.59	-8.90	-8.66	-10.40	-8.91	-7.54	-7.55	-7.86	-10.27	-8.75	-5.07	-5.83	-6.21	-6.36	-5.77	-4.84	-3.74	-5.37	-5.52	-4.47	-5.78	-8.60	-5.97	-5.82	-6.81	-8.19	-4.94	-5.54	-8.49	-10.48	-10.08	-9.99	-9.78	-10.17	-10.15	-11.16	-5.25	-6.17	-4.75	-5.85	-5.14	-6.22	-8.70	-8.83	-10.88	-9.97	-9.34	-6.09	-9.18	-8.93	-9.61	-6.33	-9.44	-8.48	-7.73	-8.66	-5.96	-9.87	-9.44	-8.97	-8.42	-9.16	-9.44	
-6.32	-9.73	-9.02	-9.09	-8.33	-10.42	-8.00	-8.08	-7.95	-8.83	-9.65	-9.73	-9.92	-9.73	-8.46	-9.91	-9.74	-7.41	-8.71	-8.12	-10.02	-8.76	-9.13	-8.79	-10.58	-8.90	-8.64	-10.27	-8.58	-7.53	-7.54	-7.85	-10.27	-8.75	-5.07	-5.79	-6.19	-6.31	-5.76	-4.80	-3.70	-5.36	-5.50	-4.44	-5.78	-6.69	-5.97	-5.78	-6.51	-7.44	-4.94	-5.53	-8.49	-10.48	-10.05	-9.98	-9.78	-10.14	-10.15	-11.11	-5.24	-6.17	-4.73	-5.81	-5.06	-6.21	-8.68	-8.77	-10.85	-9.87	-9.31	-6.02	-9.18	-8.93	-9.61	-6.32	-9.43	-8.48	-7.73	-8.66	-5.95	-9.86	-9.44	-8.89	-8.40	-9.15	-9.42	
-6.31	-9.71	-9.02	-9.09	-8.33	-10.29	-7.94	-8.07	-7.94	-8.77	-9.63	-9.70	-9.91	-9.73	-8.38	-9.90	-9.73	-7.21	-8.54	-5.88	-10.00	-8.49	-9.12	-8.76	-10.56	-8.90	-8.64	-10.21	-8.57	-7.53	-7.52	-7.84	-10.26	-8.74	-5.02	-5.79	-6.14	-6.26	-5.70	-4.79	-3.70	-5.35	-5.49	-4.36	-5.77	-6.66	-5.94	-5.77	-6.48	-7.22	-4.92	-5.51	-8.48	-10.48	-10.04	-9.98	-9.78	-10.14	-10.14	-11.06	-5.23	-6.14	-4.64	-5.78	-5.05	-6.19	-8.57	-8.60	-10.82	-9.58	-9.31	-6.01	-9.17	-8.88	-9.61	-6.31	-9.43	-8.47	-7.73	-8.66	-5.94	-9.84	-9.19	-8.80	-8.37	-9.15	-9.41	
-6.30	-9.71	-9.02	-9.08	-8.33	-10.28	-7.92	-8.05	-7.88	-8.74	-9.62	-9.70	-9.90	-9.72	-8.08	-9.89	-9.71	-5.45	-8.24	-5.86	-9.99	-8.48	-9.11	-8.74	-10.55	-8.90	-8.62	-10.20	-8.54	-7.53	-7.52	-7.83	-10.25	-8.72	-4.86	-5.77	-6.08	-6.24	-5.68	-4.76	-3.65	-5.35	-5.47	-4.34	-5.76	-6.64	-5.88	-5.75	-6.10	-7.21	-4.89	-5.51	-8.47	-10.46	-10.04	-9.98	-9.77	-10.13	-10.13	-10.82	-5.19	-6.13	-4.61	-5.76	-4.94	-6.17	-7.83	-6.31	-10.82	-9.57	-9.23	-5.93	-9.17	-8.84	-9.60	-6.30	-9.43	-8.47	-7.73	-8.66	-5.90	-9.78	-9.09	-8.77	-8.35	-9.14	-9.19	
-6.29	-9.71	-9.01	-9.08	-8.33	-10.16	-7.89	-8.01	-7.86	-8.69	-9.55	-9.67	-9.88	-9.71	-8.08	-9.84	-9.71	-5.07	-7.67	-5.61	-9.98	-8.44	-9.10	-8.74	-10.53	-8.90	-8.57	-10.16	-8.54	-7.53	-7.52	-7.81	-10.23	-8.69	-4.85	-5.74	-6.04	-6.24	-5.59	-4.72	-3.65	-5.26	-5.42	-4.28	-5.74	-6.63	-5.86	-5.70	-5.94	-7.19	-4.79	-5.43	-8.47	-10.45	-10.04	-9.98	-9.77	-10.11	-10.13	-10.70	-5.19	-6.11	-4.61	-5.75	-4.91	-6.16	-6.33	-6.30	-10.81	-9.56	-9.21	-5.79	-9.17	-8.82	-9.60	-6.30	-9.40	-8.47	-7.73	-8.66	-5.87	-9.78	-8.83	-8.60	-8.35	-9.13	-9.17	
-6.28	-9.70	-8.95	-9.08	-8.32	-10.14	-7.89	-8.00	-7.81	-8.66	-9.55	-9.66	-9.88	-9.71	-8.01	-9.83	-9.70	-5.04	-7.33	-5.54	-9.98	-8.36	-9.09	-8.73	-10.52	-8.90	-8.50	-10.10	-8.48	-7.53	-7.52	-7.81	-10.22	-8.69	-4.85	-5.72	-6.03	-6.22	-5.58	-4.68	-3.59	-5.26	-5.41	-4.19	-5.66	-6.62	-5.86	-5.70	-5.92	-6.96	-4.68	-5.39	-8.46	-10.45	-10.03	-9.97	-9.75	-10.11	-10.12	-10.67	-5.17	-6.09	-4.58	-5.68	-4.85	-6.16	-6.33	-6.29	-10.80	-9.53	-9.16	-5.74	-9.16	-8.81	-9.60	-6.30	-9.39	-8.47	-7.73	-8.65	-5.75	-9.77	-8.57	-8.53	-8.34	-9.10	-9.14	
-6.28	-9.70	-8.92	-9.08	-8.32	-10.13	-7.83	-8.00	-7.70	-8.62	-9.52	-9.65	-9.85	-9.69	-7.77	-9.83	-9.69	-5.00	-5.41	-5.44	-9.98	-8.31	-9.09	-8.72	-10.52	-8.81	-8.50	-9.79	-8.47	-7.53	-7.51	-7.81	-10.22	-8.69	-4.81	-5.65	-6.03	-6.21	-5.52	-4.67	-3.57	-5.24	-5.37	-4.12	-5.60	-6.60	-5.82	-5.70	-5.89	-6.95	-4.66	-5.37	-8.46	-10.44	-10.02	-9.97	-9.75	-10.11	-10.12	-10.11	-5.13	-6.07	-4.58	-5.66	-4.83	-6.12	-6.32	-6.28	-10.79	-9.52	-8.89	-5.67	-9.16	-8.80	-9.60	-6.30	-9.38	-8.46	-7.73	-8.65	-5.74	-9.76	-8.37	-8.47	-8.29	-9.06	-9.13	
-6.28	-9.69	-8.91	-9.07	-8.32	-10.06	-7.80	-7.99	-7.68	-8.57	-9.46	-9.61	-9.83	-9.64	-7.36	-9.71	-9.69	-4.93	-5.34	-5.41	-9.97	-8.28	-9.08	-8.72	-10.51	-8.79	-8.49	-9.77	-8.34	-7.52	-7.51	-7.81	-10.19	-8.67	-4.78	-5.64	-6.02	-6.13	-5.48	-4.61	-3.57	-5.20	-5.36	-4.09	-5.60	-6.59	-5.77	-5.69	-5.88	-6.89	-4.63	-5.35	-8.46	-10.41	-10.01	-9.96	-9.75	-10.11	-10.12	-9.82	-5.07	-6.06	-4.57	-5.62	-4.80	-6.10	-6.31	-6.28	-10.79	-9.51	-8.74	-5.60	-9.16	-8.75	-9.60	-6.29	-9.38	-8.45	-7.72	-8.65	-5.69	-9.75	-8.32	-8.45	-8.26	-9.05	-9.04	
-6.27	-9.69	-8.87	-9.06	-8.31	-10.05	-7.60	-7.98	-7.64	-8.50	-9.36	-9.45	-9.78	-9.63	-6.10	-9.71	-9.69	-4.93	-5.31	-5.37	-9.95	-8.15	-8.85	-8.71	-10.50	-8.78	-8.48	-9.17	-7.85	-7.52	-7.50	-7.80	-10.18	-8.66	-4.75	-5.58	-6.01	-6.08	-5.45	-4.58	-3.53	-5.16	-5.34	-4.07	-5.56	-6.56	-5.67	-5.69	-5.86	-6.86	-4.57	-5.35	-8.45	-10.40	-10.00	-9.96	-9.74	-10.10	-10.12	-9.81	-5.03	-6.06	-4.50	-5.57	-4.78	-6.03	-6.30	-6.26	-10.76	-9.44	-8.69	-5.60	-9.16	-8.75	-9.59	-6.28	-9.36	-8.40	-7.72	-8.65	-5.65	-9.74	-7.95	-8.38	-8.21	-9.05	-9.03	
-6.26	-9.67	-8.86	-9.05	-8.31	-10.02	-7.51	-7.93	-7.44	-8.49	-9.33	-9.38	-9.54	-9.62	-6.05	-9.70	-9.68	-4.91	-5.26	-5.33	-9.95	-8.09	-8.70	-8.70	-10.50	-8.76	-8.43	-6.71	-5.95	-7.51	-7.50	-7.80	-10.15	-8.65	-4.74	-5.51	-5.88	-6.01	-5.45	-4.46	-3.51	-5.16	-5.30	-4.07	-5.56	-6.56	-5.66	-5.66	-5.84	-6.82	-4.51	-5.30	-8.45	-10.40	-9.97	-9.95	-9.74	-10.09	-10.11	-9.58	-5.00	-6.05	-4.43	-5.55	-4.75	-5.97	-6.28	-6.26	-10.73	-6.13	-8.67	-5.56	-9.15	-8.74	-9.59	-6.28	-9.36	-8.30	-7.72	-8.65	-5.61	-9.74	-5.94	-8.31	-8.15	-9.02	-8.96	
-6.26	-9.67	-8.73	-9.05	-8.30	-10.00	-6.01	-7.93	-5.82	-8.44	-9.26	-9.24	-9.51	-9.60	-5.99	-9.60	-9.67	-4.87	-5.25	-5.29	-9.93	-8.02	-8.68	-8.69	-10.50	-8.73	-8.42	-6.62	-5.85	-7.51	-7.50	-7.80	-10.14	-8.64	-4.74	-5.50	-5.85	-6.00	-5.44	-4.45	-3.49	-5.15	-5.24	-4.06	-5.50	-6.31	-5.62	-5.63	-5.79	-6.81	-4.42	-5.29	-8.44	-10.39	-9.95	-9.94	-9.74	-10.09	-10.11	-9.46	-4.97	-6.02	-4.41	-5.53	-4.72	-5.96	-6.25	-6.24	-10.69	-6.07	-8.66	-5.55	-9.15	-8.72	-9.59	-6.26	-9.35	-8.08	-7.72	-8.64	-5.59	-9.73	-5.88	-8.20	-8.13	-9.02	-8.96	
-6.25	-9.66	-8.67	-9.04	-8.30	-10.00	-6.01	-7.92	-5.79	-8.44	-9.22	-9.19	-9.51	-9.58	-5.98	-9.58	-9.63	-4.83	-5.24	-5.29	-9.89	-7.97	-8.52	-8.64	-10.46	-8.71	-8.37	-6.62	-5.83	-7.50	-7.50	-7.80	-10.12	-8.62	-4.69	-5.47	-5.78	-5.96	-5.37	-4.42	-3.47	-5.14	-5.21	-4.05	-5.49	-6.25	-5.62	-5.62	-5.78	-6.81	-4.36	-5.28	-8.41	-10.37	-9.95	-9.92	-9.73	-10.08	-10.10	-8.83	-4.93	-6.01	-4.37	-5.51	-4.69	-5.95	-6.22	-6.23	-10.65	-6.01	-8.66	-5.55	-9.15	-8.70	-9.59	-6.26	-9.35	-8.08	-7.72	-8.64	-5.57	-9.73	-5.76	-8.08	-8.06	-9.01	-8.85	
-6.22	-9.65	-8.52	-9.02	-8.30	-9.99	-6.01	-7.83	-5.78	-7.70	-9.18	-9.00	-9.50	-9.57	-5.98	-9.55	-9.63	-4.79	-5.19	-5.28	-9.88	-7.96	-8.46	-8.60	-10.46	-8.67	-8.35	-6.59	-5.72	-7.47	-7.49	-7.80	-10.12	-8.57	-4.68	-5.46	-5.72	-5.92	-5.36	-4.37	-3.47	-5.12	-5.16	-4.00	-5.48	-6.23	-5.57	-5.61	-5.69	-6.78	-4.35	-5.21	-8.41	-10.37	-9.95	-9.92	-9.73	-10.08	-10.10	-7.39	-4.85	-6.00	-4.33	-5.46	-4.69	-5.87	-6.22	-6.23	-10.63	-5.99	-8.65	-5.54	-9.15	-8.69	-9.59	-6.25	-9.33	-8.08	-7.71	-8.64	-5.56	-9.73	-5.73	-8.02	-7.78	-8.98	-8.75	
-6.21	-9.64	-8.51	-9.00	-8.29	-9.92	-5.95	-7.58	-5.78	-5.90	-9.17	-6.35	-9.50	-9.56	-5.94	-9.51	-9.62	-4.79	-5.14	-5.27	-9.88	-7.84	-7.98	-8.55	-10.44	-8.54	-8.32	-6.58	-5.69	-7.46	-7.49	-7.80	-10.12	-8.53	-4.66	-5.44	-5.71	-5.91	-5.30	-4.35	-3.46	-5.10	-5.15	-3.93	-5.48	-6.21	-5.55	-5.57	-5.61	-6.78	-4.30	-5.17	-8.37	-10.36	-9.92	-9.92	-9.73	-10.08	-10.10	-6.66	-4.84	-6.00	-4.33	-5.45	-4.69	-5.82	-6.13	-6.23	-10.24	-5.82	-8.60	-5.53	-9.15	-8.66	-9.59	-6.25	-9.33	-8.06	-7.71	-8.64	-5.55	-9.70	-5.72	-7.95	-7.73	-8.97	-8.75	
-6.17	-9.63	-8.35	-9.00	-8.29	-9.87	-5.93	-7.40	-5.76	-5.89	-9.15	-6.25	-9.48	-9.54	-5.93	-9.51	-9.61	-4.74	-5.08	-5.27	-9.84	-7.83	-7.92	-8.51	-10.39	-8.48	-8.27	-6.47	-5.58	-7.44	-7.49	-7.79	-10.11	-8.52	-4.65	-5.39	-5.70	-5.83	-5.27	-4.31	-3.44	-5.08	-5.14	-3.87	-5.47	-6.21	-5.54	-5.57	-5.60	-6.69	-4.26	-5.16	-8.36	-10.35	-9.91	-9.91	-9.72	-10.08	-10.09	-6.51	-4.77	-5.99	-4.19	-5.44	-4.69	-5.82	-6.10	-6.23	-10.09	-5.80	-8.17	-5.51	-9.14	-8.66	-9.58	-6.25	-9.31	-8.00	-7.69	-8.63	-5.55	-9.69	-5.68	-7.93	-7.71	-8.96	-8.70	
-6.16	-9.62	-7.75	-8.98	-8.29	-9.83	-5.92	-6.64	-5.75	-5.89	-9.07	-6.25	-9.47	-9.54	-5.90	-9.47	-9.61	-4.73	-5.07	-5.26	-9.78	-7.81	-7.85	-8.35	-10.38	-8.45	-8.19	-6.40	-5.54	-7.42	-7.47	-7.79	-10.11	-8.46	-4.63	-5.32	-5.60	-5.80	-5.25	-4.18	-3.43	-5.06	-5.13	-3.85	-5.41	-6.16	-5.51	-5.55	-5.57	-6.68	-4.26	-5.15	-8.36	-10.35	-9.88	-9.90	-9.71	-10.08	-10.09	-6.37	-4.75	-5.96	-4.17	-5.33	-4.68	-5.81	-6.09	-6.22	-10.06	-5.79	-7.97	-5.48	-9.13	-8.63	-9.58	-6.22	-9.27	-7.98	-7.61	-8.63	-5.54	-9.67	-5.68	-7.88	-7.61	-8.85	-8.59	
-6.10	-9.61	-7.25	-8.97	-8.28	-9.63	-5.87	-5.76	-5.74	-5.88	-9.07	-6.16	-9.44	-9.43	-5.89	-9.47	-9.58	-4.72	-5.04	-5.26	-9.76	-7.69	-7.32	-8.34	-10.37	-8.39	-8.10	-6.35	-5.50	-7.40	-7.33	-7.79	-10.10	-8.46	-4.63	-5.32	-5.57	-5.76	-5.18	-4.02	-3.42	-5.01	-5.12	-3.76	-5.41	-6.15	-5.48	-5.55	-5.55	-6.65	-4.24	-5.12	-8.33	-10.35	-9.88	-9.85	-9.70	-10.08	-10.09	-6.32	-4.72	-5.90	-4.14	-5.31	-4.66	-5.79	-6.05	-6.18	-10.05	-5.77	-5.36	-5.47	-9.12	-8.62	-9.57	-6.19	-9.25	-7.83	-7.61	-8.63	-5.53	-9.64	-5.65	-7.87	-7.47	-8.84	-8.39	
-6.09	-9.57	-6.23	-8.94	-8.27	-9.32	-5.85	-5.76	-5.73	-5.86	-9.04	-6.14	-9.43	-9.42	-5.87	-9.47	-9.57	-4.72	-5.03	-5.18	-9.75	-7.61	-5.52	-8.04	-10.33	-8.39	-8.09	-6.32	-5.49	-7.39	-7.33	-7.79	-10.10	-8.44	-4.53	-5.29	-5.56	-5.69	-5.17	-4.00	-3.41	-5.00	-5.11	-3.70	-5.40	-6.15	-5.45	-5.53	-5.53	-6.65	-4.22	-5.11	-8.32	-10.35	-9.85	-9.85	-9.70	-10.07	-10.08	-6.31	-4.63	-5.89	-4.05	-5.29	-4.66	-5.78	-6.03	-6.11	-10.04	-5.75	-5.15	-5.41	-9.12	-8.62	-9.57	-6.13	-9.25	-7.69	-7.61	-8.63	-5.52	-9.62	-5.64	-7.83	-6.98	-8.83	-7.20	
-6.06	-9.56	-6.22	-8.91	-8.26	-6.35	-5.83	-5.73	-5.69	-5.86	-9.01	-6.12	-9.40	-9.42	-5.83	-9.46	-9.56	-4.68	-5.03	-5.17	-9.73	-7.59	-5.46	-7.85	-10.32	-8.39	-8.03	-6.24	-5.47	-7.39	-7.33	-7.79	-10.09	-8.43	-4.50	-5.24	-5.56	-5.68	-5.14	-3.97	-3.39	-4.90	-5.09	-3.64	-5.36	-6.15	-5.44	-5.53	-5.46	-6.62	-4.21	-5.09	-8.32	-10.34	-9.79	-9.85	-9.70	-10.07	-10.06	-6.27	-4.55	-5.87	-4.00	-5.28	-4.66	-5.75	-6.02	-6.07	-9.96	-5.71	-5.11	-5.41	-9.11	-8.58	-9.57	-6.08	-9.22	-7.68	-7.60	-8.63	-5.51	-9.61	-5.62	-7.53	-6.85	-8.82	-6.20	
-6.05	-9.53	-6.21	-8.89	-8.09	-6.25	-5.79	-5.73	-5.67	-5.82	-9.00	-6.12	-9.39	-9.40	-5.80	-9.46	-9.56	-4.65	-5.03	-5.14	-9.72	-7.50	-5.28	-5.87	-10.31	-8.38	-8.02	-6.24	-5.47	-7.38	-7.33	-7.78	-10.07	-8.41	-4.48	-5.19	-5.53	-5.67	-5.02	-3.96	-3.38	-4.84	-5.08	-3.45	-5.34	-6.13	-5.43	-5.49	-5.37	-6.57	-4.19	-5.06	-8.32	-10.32	-9.74	-9.85	-9.70	-10.07	-10.06	-6.26	-4.55	-5.87	-3.99	-5.24	-4.65	-5.56	-6.02	-6.07	-9.96	-5.70	-5.05	-5.37	-9.11	-8.57	-9.57	-6.05	-9.21	-7.68	-7.60	-8.62	-5.49	-9.52	-5.60	-7.32	-5.27	-8.76	-6.11	
-6.03	-8.07	-6.18	-8.86	-8.09	-6.25	-5.79	-5.72	-5.67	-5.78	-8.99	-6.11	-9.39	-9.35	-5.80	-9.44	-9.55	-4.64	-5.02	-5.11	-9.65	-7.50	-5.26	-5.85	-10.31	-8.35	-7.88	-6.23	-5.47	-7.38	-7.32	-7.78	-10.07	-8.31	-4.33	-5.15	-5.51	-5.66	-4.95	-3.92	-3.35	-4.81	-4.93	-3.42	-5.33	-6.10	-5.42	-5.45	-5.36	-6.53	-4.18	-5.06	-8.31	-10.32	-9.71	-9.83	-9.70	-10.04	-10.05	-6.26	-4.53	-5.85	-3.97	-5.15	-4.64	-5.52	-5.97	-6.05	-9.92	-5.66	-5.04	-5.26	-9.09	-8.55	-9.55	-5.98	-9.21	-7.61	-7.59	-8.62	-5.48	-9.52	-5.59	-5.99	-5.04	-5.86	-6.08	
-6.03	-5.53	-6.17	-8.86	-8.09	-6.23	-5.75	-5.70	-5.65	-5.75	-8.96	-6.04	-9.36	-9.35	-5.74	-9.40	-9.55	-4.63	-5.01	-5.11	-9.63	-7.34	-5.22	-5.85	-10.29	-8.12	-7.85	-6.19	-5.36	-7.38	-7.32	-7.78	-10.03	-8.17	-4.32	-5.11	-5.49	-5.56	-4.92	-3.88	-3.26	-4.70	-4.91	-3.41	-5.32	-6.09	-5.41	-5.44	-5.30	-6.52	-4.16	-5.04	-8.29	-10.31	-9.62	-9.82	-9.69	-10.03	-10.04	-6.24	-4.49	-5.82	-3.94	-5.06	-4.63	-5.51	-5.83	-6.04	-9.92	-5.66	-4.97	-5.22	-9.08	-8.53	-9.55	-5.98	-9.21	-7.55	-7.57	-8.62	-5.48	-9.51	-5.58	-5.94	-5.02	-5.84	-6.04	
-5.91	-5.37	-6.17	-8.84	-8.09	-6.07	-5.74	-5.68	-5.65	-5.74	-8.95	-6.00	-9.35	-9.34	-5.67	-9.39	-9.52	-4.60	-5.01	-5.08	-9.63	-5.34	-5.21	-5.84	-10.27	-8.09	-7.81	-6.15	-5.32	-7.37	-7.32	-7.77	-9.97	-7.79	-4.32	-5.03	-5.48	-5.52	-4.69	-3.83	-3.26	-4.63	-4.90	-3.36	-5.28	-6.09	-5.36	-5.43	-5.29	-6.52	-4.15	-5.01	-8.25	-10.31	-9.58	-9.79	-9.69	-10.00	-10.02	-6.23	-4.32	-5.78	-3.91	-5.01	-4.63	-5.44	-5.82	-6.00	-9.90	-5.65	-4.97	-5.21	-9.04	-8.45	-9.54	-5.93	-9.20	-7.55	-7.56	-8.57	-5.46	-9.47	-5.49	-5.84	-4.90	-5.80	-5.98	
-5.85	-5.35	-6.15	-8.84	-8.09	-6.07	-5.72	-5.68	-5.63	-5.73	-8.86	-5.99	-9.35	-9.27	-5.64	-9.38	-9.51	-4.55	-5.00	-5.07	-9.55	-5.30	-5.19	-5.77	-10.23	-8.02	-7.76	-6.15	-5.32	-7.37	-7.32	-7.77	-9.94	-6.01	-4.28	-4.99	-5.46	-5.28	-4.67	-3.60	-3.23	-4.59	-4.86	-3.32	-5.23	-6.08	-5.29	-5.42	-5.27	-6.51	-4.15	-4.99	-8.09	-10.30	-9.50	-9.79	-9.68	-9.98	-10.01	-6.22	-4.28	-5.76	-3.89	-5.01	-4.57	-5.40	-5.82	-5.95	-9.89	-5.65	-4.96	-5.21	-9.02	-8.43	-9.53	-5.92	-9.20	-7.30	-7.56	-8.56	-5.45	-9.44	-5.41	-5.63	-4.89	-5.77	-5.91	
-5.80	-5.32	-6.06	-8.84	-8.08	-5.96	-5.64	-5.67	-5.63	-5.72	-8.82	-5.95	-9.30	-9.27	-5.62	-9.36	-9.50	-4.54	-5.00	-5.04	-9.51	-5.30	-5.12	-5.75	-10.23	-8.01	-7.71	-6.12	-5.30	-7.36	-7.32	-7.76	-9.83	-6.01	-4.26	-4.86	-5.39	-5.20	-4.66	-3.58	-3.10	-4.57	-4.85	-3.29	-5.21	-6.08	-5.26	-5.36	-5.24	-6.49	-4.10	-4.97	-8.07	-10.29	-9.44	-9.77	-9.65	-9.97	-10.01	-6.11	-4.23	-5.72	-3.88	-4.97	-4.55	-5.25	-5.82	-5.95	-9.86	-5.64	-4.96	-5.20	-8.97	-8.43	-9.53	-5.87	-9.17	-5.25	-7.53	-8.55	-5.44	-9.43	-5.41	-5.62	-4.88	-5.66	-5.83	
-5.75	-5.32	-6.06	-8.83	-8.07	-5.95	-5.62	-5.67	-5.61	-5.72	-8.81	-5.87	-9.27	-9.26	-5.59	-9.35	-9.47	-4.54	-5.00	-5.03	-9.28	-5.25	-5.10	-5.43	-10.22	-7.92	-6.27	-6.08	-5.22	-7.33	-7.32	-7.75	-9.81	-6.00	-4.24	-4.82	-5.37	-5.18	-4.64	-3.57	-3.09	-4.54	-4.73	-3.23	-5.19	-6.04	-5.23	-5.22	-5.23	-6.49	-4.01	-4.93	-8.05	-10.22	-9.23	-9.76	-9.64	-9.91	-10.00	-6.06	-4.19	-5.71	-3.82	-4.95	-4.52	-5.22	-5.81	-5.90	-9.86	-5.64	-4.93	-5.16	-8.92	-8.40	-9.52	-5.86	-9.15	-5.03	-7.52	-8.49	-5.44	-9.37	-5.31	-5.56	-4.88	-5.60	-5.73	
-5.74	-5.30	-5.99	-8.83	-8.07	-5.93	-5.59	-5.66	-5.59	-5.69	-8.68	-5.84	-9.23	-9.18	-5.58	-9.29	-9.47	-4.49	-4.90	-5.02	-9.28	-5.23	-5.08	-5.42	-10.21	-7.45	-5.16	-6.07	-5.15	-7.29	-7.31	-7.74	-8.26	-5.99	-4.20	-4.81	-5.27	-5.06	-4.63	-3.51	-3.06	-4.47	-4.67	-3.10	-5.18	-6.04	-5.23	-5.14	-5.23	-6.48	-4.01	-4.92	-8.05	-10.19	-8.78	-9.74	-9.62	-9.91	-10.00	-6.04	-4.10	-5.70	-3.63	-4.80	-4.50	-5.21	-5.81	-5.87	-9.85	-5.63	-4.89	-5.16	-8.85	-8.24	-9.48	-5.83	-9.13	-4.96	-7.50	-8.48	-5.42	-9.26	-5.26	-5.55	-4.87	-5.52	-5.69	
-5.56	-5.23	-5.98	-8.83	-8.07	-5.88	-5.58	-5.65	-5.57	-5.66	-8.62	-5.82	-9.14	-9.00	-5.57	-8.97	-9.47	-4.49	-4.82	-5.02	-9.14	-5.19	-4.97	-5.33	-10.04	-5.53	-5.16	-6.04	-5.15	-7.28	-7.31	-7.70	-5.63	-5.94	-4.19	-4.60	-5.21	-5.01	-4.62	-3.35	-2.99	-4.40	-4.63	-3.05	-5.17	-5.99	-5.23	-5.09	-5.23	-6.40	-3.99	-4.91	-8.05	-10.19	-6.31	-9.71	-9.61	-9.87	-9.99	-6.03	-4.06	-5.70	-3.55	-4.52	-4.49	-5.08	-5.79	-5.87	-9.81	-5.63	-4.77	-5.12	-8.79	-8.10	-9.31	-5.82	-9.11	-4.96	-7.49	-8.40	-5.40	-9.25	-5.25	-5.45	-4.87	-5.47	-5.68	
-5.55	-5.20	-5.98	-8.82	-8.07	-5.85	-5.56	-5.65	-5.51	-5.64	-8.12	-5.78	-6.16	-8.90	-5.57	-8.93	-9.44	-4.44	-4.81	-4.99	-9.10	-5.19	-4.96	-5.19	-9.95	-5.52	-4.97	-6.04	-5.14	-7.26	-7.31	-7.68	-5.58	-5.94	-4.16	-4.58	-5.18	-4.87	-4.60	-3.27	-2.98	-4.32	-4.62	-3.05	-5.15	-5.99	-5.21	-5.09	-5.21	-6.37	-3.98	-4.81	-8.04	-10.17	-6.00	-9.70	-9.60	-9.84	-9.98	-6.03	-4.05	-5.55	-3.50	-4.52	-4.47	-4.96	-5.78	-5.86	-9.75	-5.63	-4.76	-5.12	-8.56	-7.76	-9.31	-5.80	-9.11	-4.93	-7.47	-8.37	-5.28	-9.16	-5.24	-5.44	-4.85	-5.47	-5.61	
-5.53	-5.16	-5.94	-8.80	-8.06	-5.84	-5.56	-5.64	-5.48	-5.62	-7.96	-5.78	-5.98	-8.81	-5.56	-8.59	-9.43	-4.34	-4.80	-4.98	-8.99	-5.16	-4.95	-5.17	-9.92	-5.47	-4.92	-6.03	-5.13	-7.20	-7.31	-7.68	-5.43	-5.93	-4.06	-4.58	-4.79	-4.78	-4.51	-3.24	-2.91	-4.32	-4.59	-2.51	-5.14	-5.98	-5.12	-5.08	-5.08	-6.36	-3.88	-4.78	-8.02	-10.07	-5.89	-9.70	-9.45	-9.71	-9.97	-6.02	-3.94	-5.51	-3.48	-4.42	-4.45	-4.92	-5.78	-5.83	-6.56	-5.61	-4.74	-5.11	-8.45	-7.31	-9.30	-5.74	-9.09	-4.92	-7.45	-8.37	-5.27	-9.06	-5.23	-5.30	-4.78	-5.46	-5.61	
-5.44	-5.08	-5.92	-8.80	-8.06	-5.78	-5.54	-5.62	-5.46	-5.59	-6.17	-5.76	-5.92	-8.73	-5.54	-5.50	-9.42	-4.30	-4.79	-4.96	-8.98	-4.91	-4.93	-5.14	-9.82	-5.15	-4.86	-5.99	-5.09	-7.20	-7.30	-7.59	-5.36	-5.93	-3.93	-4.53	-4.75	-4.75	-4.26	-3.18	-2.65	-4.22	-4.56	-2.19	-5.13	-5.94	-5.10	-5.08	-5.06	-6.24	-3.59	-4.77	-7.88	-10.05	-5.87	-9.66	-9.37	-9.65	-9.90	-6.00	-3.82	-5.49	-3.42	-4.31	-4.43	-4.84	-5.75	-5.80	-6.52	-5.59	-4.59	-5.05	-8.31	-5.31	-9.26	-5.73	-9.08	-4.89	-7.44	-8.31	-5.27	-9.06	-5.22	-5.30	-4.70	-5.45	-5.55	
-5.13	-5.07	-5.74	-8.76	-8.06	-5.77	-5.48	-5.60	-5.46	-5.57	-5.16	-5.75	-5.90	-8.60	-5.53	-5.48	-9.32	-4.28	-4.65	-4.94	-8.71	-4.85	-4.86	-5.09	-9.73	-4.93	-4.85	-5.97	-5.03	-7.19	-7.30	-7.58	-5.33	-5.89	-3.81	-4.31	-4.48	-4.74	-4.14	-3.05	-2.57	-4.11	-4.38	-2.10	-5.12	-5.93	-5.05	-5.04	-5.05	-6.23	-3.58	-4.63	-7.87	-9.95	-5.83	-9.60	-9.33	-5.40	-9.88	-5.97	-3.71	-5.48	-3.33	-4.27	-4.43	-4.81	-5.74	-5.76	-6.52	-5.58	-4.58	-5.01	-8.29	-5.12	-9.12	-5.67	-9.03	-4.88	-7.38	-8.29	-5.22	-9.01	-5.20	-5.29	-4.68	-5.37	-5.50	
-4.73	-5.01	-5.71	-8.74	-8.05	-5.75	-5.48	-5.59	-5.41	-5.57	-5.15	-5.64	-5.83	-5.99	-5.46	-5.42	-5.31	-4.23	-4.53	-4.93	-8.59	-4.69	-4.85	-4.98	-9.63	-4.71	-4.84	-5.87	-5.02	-7.18	-7.29	-7.51	-5.32	-5.88	-3.72	-4.26	-4.43	-4.38	-4.11	-3.01	-2.57	-4.08	-4.06	-1.95	-5.10	-5.80	-4.97	-5.02	-4.99	-6.19	-3.40	-4.57	-7.75	-5.45	-5.81	-9.50	-9.27	-5.37	-9.81	-5.90	-3.66	-5.46	-3.29	-4.26	-4.36	-4.80	-5.67	-5.76	-6.45	-5.58	-4.57	-4.99	-5.43	-5.09	-9.11	-5.65	-8.98	-4.86	-7.37	-8.28	-5.20	-9.00	-5.13	-5.25	-4.64	-5.36	-5.38	
-4.50	-5.00	-5.58	-7.59	-8.03	-5.74	-5.44	-5.49	-5.39	-5.55	-4.85	-5.62	-5.78	-5.89	-5.42	-5.07	-5.16	-4.21	-4.48	-4.85	-5.71	-4.66	-4.85	-4.98	-5.49	-4.68	-4.82	-5.81	-4.85	-7.17	-7.26	-7.48	-5.21	-5.78	-3.66	-4.13	-3.89	-4.33	-3.94	-2.11	-2.53	-3.99	-3.73	-1.47	-5.07	-5.77	-4.95	-4.99	-4.94	-6.13	-3.32	-4.33	-5.56	-5.34	-5.67	-9.20	-9.12	-5.32	-5.76	-5.85	-3.35	-5.31	-2.82	-4.20	-4.35	-4.31	-5.54	-5.76	-6.35	-5.55	-4.47	-4.98	-5.29	-4.91	-9.06	-5.62	-8.96	-4.86	-7.35	-8.25	-5.11	-8.84	-5.03	-5.20	-4.56	-5.34	-5.33	
-4.05	-4.89	-5.55	-5.00	-8.02	-5.64	-5.34	-5.37	-5.38	-5.37	-4.67	-5.45	-5.70	-5.88	-5.32	-5.00	-5.07	-4.07	-4.27	-4.82	-5.70	-4.57	-4.77	-4.66	-5.42	-4.59	-4.64	-5.76	-4.82	-7.11	-7.18	-7.46	-5.20	-5.62	-3.50	-4.10	-3.64	-4.33	-3.92	-1.51	-1.98	-1.69	-3.40	-1.14	-4.96	-5.69	-4.13	-4.82	-4.77	-6.11	-3.06	-4.18	-5.34	-5.18	-5.51	-5.82	-5.93	-5.10	-5.56	-5.79	-2.97	-4.99	-1.77	-3.82	-4.34	-4.28	-5.46	-5.67	-6.29	-5.44	-4.40	-4.96	-5.24	-4.73	-5.32	-5.58	-8.95	-4.82	-7.32	-8.00	-5.09	-8.82	-4.92	-4.96	-4.48	-5.20	-5.15	
